100

48 5 40
18 8 17 21 31 
48 27 48 31 43 
6 4 39 49 11 
10 16 19 8 35 
48 8 44 43 13 
32 1 8 44 2 
49 49 22 33 48 
38 35 17 32 8 
33 48 14 16 28 
26 16 40 4 29 
4 32 19 37 36 
44 11 6 27 29 
7 44 23 4 1 
39 30 40 42 11 
47 21 9 14 5 
7 44 36 7 36 
28 18 2 17 40 
7 38 35 0 46 
0 43 45 28 38 
48 24 32 14 10 
22 38 16 5 7 
28 7 27 29 39 
17 31 44 39 27 
31 8 18 4 6 
14 12 43 44 19 
41 45 15 47 44 
29 44 26 38 6 
28 23 16 12 24 
38 21 2 29 10 
16 48 33 22 16 
8 15 33 0 34 
4 18 18 19 45 
39 22 25 4 21 
45 0 17 11 5 
9 28 9 27 20 
11 7 12 15 16 
41 43 32 0 9 
32 26 33 19 13 
0 46 15 15 8 
34 29 14 2 31 
7 31 47 31 20 
41 24 38 43 42 
13 46 5 10 10 
21 45 16 23 33 
47 37 28 34 49 
31 1 42 31 47 
20 16 45 23 29 
43 20 19 21 21 

41 9 40
17 6 19 10 1 6 45 7 30 
30 26 35 48 44 17 31 34 37 
9 43 40 36 48 1 4 1 41 
32 34 9 40 15 42 1 42 16 
36 26 5 35 20 43 6 35 35 
46 22 43 22 38 9 3 3 40 
40 21 48 29 19 28 23 2 40 
41 22 36 47 42 31 34 1 26 
17 40 2 18 42 4 41 3 28 
31 26 40 26 38 10 9 25 31 
3 23 18 40 13 42 12 28 42 
10 32 7 14 5 30 44 4 28 
4 16 15 9 28 11 33 35 15 
16 15 31 13 38 46 25 10 35 
36 35 3 31 26 44 43 19 22 
14 1 3 0 20 35 35 33 6 
14 49 30 45 8 49 10 35 41 
26 46 14 42 23 46 34 37 34 
16 41 41 13 42 23 40 22 40 
34 49 13 7 5 18 29 14 2 
34 15 36 34 9 21 9 14 45 
6 1 28 30 31 16 3 22 41 
43 31 46 1 10 2 36 36 6 
46 10 19 21 40 31 5 12 20 
15 6 5 42 1 12 21 35 45 
13 34 44 42 9 40 49 38 1 
28 19 46 16 25 33 22 16 45 
22 3 30 11 26 12 27 4 12 
41 45 41 13 5 7 16 9 47 
43 26 26 40 24 14 11 43 15 
15 3 32 2 32 42 34 28 27 
43 9 8 39 6 30 19 5 4 
23 26 47 19 49 22 32 6 25 
1 29 46 37 27 15 13 27 41 
49 32 15 48 39 7 28 30 14 
5 30 20 12 10 8 49 11 36 
25 14 45 5 4 15 19 2 33 
0 41 15 35 38 34 5 4 37 
8 39 38 49 29 40 9 4 1 
37 48 29 7 30 26 38 37 16 
48 23 6 41 37 2 10 2 20 

16 2 12
11 27 
26 47 
44 24 
46 37 
15 33 
2 45 
8 3 
9 44 
13 26 
5 18 
24 12 
28 11 
25 36 
31 47 
3 25 
2 23 

76 6 15
37 3 9 31 46 0 
29 8 10 21 18 43 
2 44 27 36 37 28 
10 49 31 32 36 9 
40 5 20 33 44 34 
7 26 35 14 41 45 
24 19 34 29 36 33 
19 24 44 33 33 16 
45 42 19 2 41 49 
49 9 45 16 32 1 
42 42 35 8 9 11 
26 38 29 18 29 1 
22 31 41 19 43 22 
15 2 15 19 22 39 
37 17 1 21 45 49 
32 41 11 10 46 27 
23 36 5 2 25 4 
4 41 10 2 19 46 
16 23 35 40 12 10 
37 10 18 26 23 2 
47 27 8 27 40 14 
36 26 24 24 45 1 
5 41 44 4 3 4 
11 34 29 16 49 44 
42 0 18 3 28 37 
15 9 37 33 30 10 
42 26 25 23 9 14 
1 11 28 49 25 32 
16 22 16 31 2 21 
7 21 46 4 44 12 
1 21 2 15 44 46 
19 9 16 37 32 30 
29 19 38 25 16 15 
10 4 45 43 38 0 
44 29 31 14 35 18 
1 14 46 34 5 11 
2 30 4 6 35 25 
7 33 42 12 43 25 
1 1 1 31 48 5 
10 7 3 48 42 25 
25 10 8 35 6 45 
22 34 22 41 31 40 
38 32 7 23 24 1 
45 21 10 29 18 6 
38 19 34 27 34 26 
16 26 23 3 27 7 
34 7 0 6 1 32 
30 38 18 25 2 33 
35 41 7 7 49 13 
7 36 0 26 31 33 
43 14 44 37 5 11 
39 28 5 23 4 30 
5 43 22 40 22 36 
33 13 14 45 48 15 
37 3 32 2 17 12 
5 13 30 20 13 43 
47 40 28 12 39 3 
24 27 45 34 19 10 
17 31 22 5 6 33 
40 19 33 32 13 22 
11 12 12 37 38 18 
47 31 43 38 35 24 
16 37 0 27 9 35 
39 16 43 49 47 35 
24 31 46 23 46 37 
22 15 16 35 37 8 
24 13 12 13 27 4 
41 38 4 40 4 34 
37 7 1 2 45 28 
6 46 47 10 16 20 
25 14 33 12 37 47 
1 1 44 39 40 35 
49 45 3 4 19 10 
18 3 20 23 39 9 
39 0 27 49 11 8 
5 46 7 15 0 2 

65 9 50
36 16 4 13 36 30 4 10 42 
4 21 47 0 31 48 44 7 1 
19 48 46 6 25 13 3 27 20 
13 2 32 16 16 8 45 15 9 
26 30 31 21 46 41 27 42 8 
22 46 16 14 4 22 39 29 2 
13 7 22 38 43 40 48 22 9 
6 27 21 4 22 17 12 3 41 
30 24 42 15 34 28 26 20 34 
17 47 16 17 20 12 39 13 7 
27 4 9 35 38 31 18 23 41 
34 35 35 31 4 10 30 38 31 
47 48 33 26 19 8 4 31 44 
3 44 24 33 48 19 35 15 17 
6 12 11 27 27 13 19 21 31 
26 45 44 21 34 12 26 15 1 
14 49 6 36 38 30 9 4 0 
2 32 22 22 36 42 48 45 31 
40 9 49 49 32 26 9 22 12 
13 37 31 33 20 33 29 31 21 
35 41 23 40 30 41 40 31 0 
13 40 40 41 46 20 40 42 4 
23 20 14 14 34 40 37 37 6 
44 32 38 25 42 30 32 14 5 
23 25 3 7 25 30 21 24 38 
24 31 15 45 26 22 16 27 42 
13 10 47 26 44 18 3 32 9 
0 45 47 33 10 40 33 19 24 
12 40 40 9 45 34 32 32 37 
41 22 47 38 9 23 15 3 14 
18 9 4 24 29 35 7 26 43 
22 25 40 43 4 19 10 33 47 
44 21 20 2 24 12 32 3 7 
34 27 3 38 5 17 2 36 29 
39 48 39 37 8 42 45 32 46 
17 14 12 25 37 22 17 26 23 
17 20 31 49 22 15 6 14 24 
35 39 28 39 3 36 8 28 35 
21 39 12 47 29 31 25 49 29 
7 13 4 48 12 18 45 23 38 
47 5 8 40 31 33 21 10 19 
48 6 21 5 10 42 41 4 24 
28 29 5 28 49 0 43 48 17 
23 5 1 45 15 2 34 5 9 
12 14 8 45 44 35 25 34 36 
23 48 9 44 25 45 14 30 13 
32 37 44 0 10 14 42 9 42 
14 13 22 41 25 18 45 8 28 
22 4 43 32 42 13 8 11 36 
42 48 43 7 34 17 5 44 38 
7 33 11 24 32 9 29 22 32 
2 47 6 30 7 0 49 41 13 
22 8 25 48 4 4 37 9 13 
24 37 7 4 21 22 8 29 3 
36 19 12 24 9 42 49 3 13 
35 46 40 32 15 3 5 49 29 
2 14 11 34 9 0 14 18 18 
2 45 25 46 28 24 19 38 33 
0 1 30 38 39 28 49 19 17 
30 46 38 44 24 8 26 45 12 
18 40 15 1 42 6 10 44 15 
17 35 22 27 47 25 25 33 38 
39 25 0 33 42 40 37 43 0 
26 6 8 29 31 34 48 45 5 
28 20 4 45 45 45 42 17 47 

1 6 1
9 8 30 18 46 39 

76 8 48
34 32 33 42 39 9 21 2 
3 42 27 12 35 19 34 41 
43 38 48 15 23 32 10 34 
41 33 34 26 6 20 41 19 
37 26 19 15 11 1 40 16 
12 33 48 25 49 0 13 46 
8 6 25 3 40 8 16 30 
20 1 2 20 31 34 16 10 
42 28 11 7 40 37 5 40 
38 21 21 29 8 17 14 10 
10 22 1 21 18 6 30 8 
23 2 33 45 8 40 10 21 
2 17 30 28 45 12 22 20 
39 42 12 40 1 44 1 32 
45 32 3 15 12 34 23 24 
4 14 34 49 47 0 20 41 
4 41 29 21 39 38 48 37 
23 45 28 36 29 18 22 25 
22 9 8 45 4 28 28 23 
37 0 32 12 7 20 2 4 
35 34 45 17 28 1 34 13 
19 3 21 15 44 43 6 38 
21 11 46 12 38 7 5 32 
5 7 48 45 42 15 37 25 
27 10 35 2 30 4 48 16 
18 40 38 33 6 29 33 14 
27 40 20 34 34 23 45 15 
7 28 49 38 34 2 47 23 
44 42 0 35 2 25 40 10 
20 45 7 35 5 26 4 23 
21 48 39 7 27 24 39 33 
6 22 32 12 4 13 49 41 
34 35 25 38 28 29 24 7 
9 45 45 11 12 45 10 38 
17 22 24 27 28 45 3 35 
30 1 28 16 8 42 37 44 
0 36 19 21 27 0 21 6 
37 10 21 21 34 20 7 6 
46 3 29 30 9 2 3 28 
37 15 20 44 14 23 45 34 
13 3 5 37 17 18 0 1 
18 41 44 21 11 11 26 2 
34 28 24 13 24 41 13 35 
29 17 46 20 7 14 15 22 
2 37 24 30 38 3 26 9 
2 11 42 1 47 47 30 1 
32 5 8 16 38 14 31 45 
48 37 27 15 32 2 31 27 
36 5 40 39 7 17 32 23 
6 4 21 10 49 2 35 33 
38 21 28 17 49 22 34 36 
22 47 5 1 12 25 28 40 
33 49 0 21 5 25 40 40 
11 9 20 12 4 26 21 27 
23 29 15 16 17 42 31 49 
16 23 21 6 0 37 38 44 
25 38 44 23 12 11 22 7 
22 5 42 35 44 2 10 12 
42 19 2 19 35 49 10 33 
16 32 5 22 9 43 1 15 
14 27 30 14 18 4 10 44 
5 5 19 7 23 48 14 31 
9 16 38 8 18 43 27 33 
3 11 40 13 36 4 3 36 
15 42 3 12 34 18 17 40 
30 41 37 26 11 14 47 37 
49 5 36 12 16 17 2 4 
42 43 16 25 4 37 5 17 
37 14 29 44 30 49 4 17 
25 1 15 32 3 5 35 18 
22 48 36 25 45 22 48 38 
1 44 29 47 28 30 35 44 
39 18 28 42 13 22 37 19 
21 13 36 4 20 15 27 17 
16 16 20 11 22 28 49 28 
12 15 32 27 45 36 11 39 

9 7 7
48 3 5 49 34 21 42 
23 48 44 30 20 45 10 
22 25 8 29 27 41 21 
44 13 36 27 43 46 37 
44 3 9 23 36 30 36 
20 20 32 18 28 32 1 
36 48 17 21 16 33 26 
49 47 27 14 6 22 8 
37 29 40 37 2 39 36 

72 9 46
49 14 14 22 23 32 47 46 10 
46 26 4 15 23 44 45 44 45 
14 39 41 23 47 43 16 2 31 
13 33 0 25 40 11 15 20 23 
20 5 18 31 0 6 33 43 24 
45 46 32 49 32 8 31 35 44 
6 35 44 22 44 37 43 1 33 
32 24 30 10 29 3 38 41 20 
2 27 5 4 27 8 0 9 17 
24 48 4 0 38 44 36 4 40 
46 14 33 25 22 2 26 47 2 
22 12 17 21 2 19 3 2 8 
9 38 42 35 6 19 41 39 29 
1 27 2 39 47 45 0 11 25 
31 2 18 49 7 10 29 19 48 
46 15 33 35 36 17 44 42 11 
21 11 0 23 11 5 45 44 1 
19 30 42 2 8 23 24 18 40 
3 28 1 27 40 46 8 7 5 
45 38 23 26 4 45 2 8 22 
13 45 14 47 11 33 7 49 23 
8 20 16 15 30 37 10 33 34 
12 12 1 43 22 13 30 4 29 
27 7 22 38 0 1 14 8 0 
3 4 24 49 39 22 11 37 49 
12 34 27 6 41 48 15 8 35 
3 4 0 38 17 20 21 25 42 
37 9 5 18 22 1 48 37 33 
12 46 0 10 12 28 45 30 22 
23 27 5 17 37 39 7 1 28 
20 34 43 21 41 1 17 38 40 
26 10 27 6 23 5 21 29 49 
12 9 7 27 18 49 44 41 35 
33 17 41 27 49 40 44 1 41 
24 36 6 42 36 44 46 17 8 
49 17 27 41 30 35 5 36 9 
13 36 6 12 40 43 34 40 11 
22 35 1 42 15 22 33 6 0 
18 8 35 6 13 29 18 37 14 
47 26 38 31 0 19 23 26 43 
10 33 33 6 41 12 12 41 6 
42 26 21 25 15 6 32 3 11 
24 9 25 22 43 11 25 48 12 
24 38 5 46 1 47 43 23 34 
12 38 45 28 23 40 22 0 18 
9 31 10 24 31 46 19 15 15 
39 33 9 24 19 33 17 31 11 
49 42 19 16 9 6 5 12 30 
22 23 41 40 40 38 35 18 19 
28 48 34 3 33 16 45 44 2 
48 3 0 3 23 35 18 35 21 
27 9 49 3 3 19 32 8 17 
46 19 22 10 3 17 25 45 31 
37 18 48 2 11 0 46 39 8 
30 37 38 48 31 33 49 11 46 
12 22 49 16 17 11 19 16 45 
40 5 41 35 25 24 14 30 30 
4 1 43 22 30 18 31 30 36 
17 40 17 3 6 27 14 35 42 
34 7 19 13 45 6 2 19 30 
32 41 36 31 22 5 5 29 49 
4 27 33 6 44 34 14 30 26 
43 35 45 23 45 31 44 42 42 
26 37 39 20 40 17 41 40 20 
22 3 13 9 10 8 8 7 34 
2 24 26 9 24 9 40 13 47 
1 32 19 23 13 21 47 40 21 
23 25 7 20 11 4 33 10 27 
6 29 29 27 35 47 22 38 46 
26 44 32 43 33 27 8 39 33 
40 42 45 4 23 2 11 10 14 
1 46 21 38 15 24 34 2 48 

53 5 19
6 0 41 4 22 
15 11 28 18 41 
46 27 39 41 21 
4 44 11 9 44 
8 29 31 32 44 
10 12 20 42 30 
28 0 2 23 36 
12 28 37 3 45 
44 30 8 8 36 
27 8 31 0 32 
45 39 48 18 35 
31 0 41 6 10 
1 35 8 14 2 
22 14 16 47 9 
27 23 45 34 6 
28 15 38 29 27 
1 21 24 29 38 
43 19 12 24 43 
37 38 23 21 12 
1 22 42 26 20 
48 44 17 34 4 
8 28 31 48 30 
36 21 13 48 7 
46 1 46 22 46 
1 23 2 7 49 
40 11 0 41 35 
35 0 1 23 26 
13 35 21 31 49 
48 14 45 6 14 
48 8 20 41 15 
7 30 11 26 24 
21 38 4 29 26 
25 9 14 18 4 
5 33 45 26 31 
7 42 15 18 24 
12 6 0 44 47 
32 12 14 43 31 
18 22 20 34 30 
42 24 9 20 38 
18 23 32 42 33 
20 34 37 34 7 
38 27 6 18 2 
35 10 13 26 2 
11 9 44 31 22 
38 49 49 45 44 
10 26 39 17 29 
32 42 4 29 3 
5 40 9 36 35 
33 33 26 49 46 
6 16 19 28 7 
0 26 16 38 39 
0 40 19 13 7 
36 49 30 3 44 

79 7 28
19 44 46 28 10 18 40 
46 3 45 44 20 30 26 
22 42 40 5 8 9 12 
49 29 18 33 10 22 22 
46 29 1 13 15 30 7 
8 35 31 8 23 33 23 
47 40 28 18 18 10 3 
48 31 3 43 14 0 32 
19 46 9 48 31 38 35 
31 46 12 24 30 10 39 
35 28 29 10 35 35 9 
49 34 18 44 27 27 31 
45 28 15 1 29 33 3 
6 6 47 19 33 17 39 
45 28 23 39 44 3 29 
26 14 42 27 11 45 42 
1 45 10 25 10 19 24 
36 20 23 36 44 5 24 
6 40 28 16 12 39 48 
49 38 33 49 14 34 29 
39 35 23 31 12 11 13 
15 13 16 14 39 43 21 
38 29 7 37 25 38 11 
45 8 30 1 22 16 30 
6 19 38 41 25 8 23 
45 14 44 36 0 17 44 
10 2 36 10 45 13 33 
16 45 43 3 34 1 46 
47 25 45 46 41 18 36 
5 11 35 13 9 49 6 
44 16 48 3 40 35 7 
20 7 3 35 44 15 33 
6 48 16 44 26 0 30 
21 6 31 15 9 18 3 
34 16 21 9 41 26 18 
28 5 44 13 48 44 47 
31 31 17 8 15 22 14 
48 37 8 48 7 9 10 
31 12 21 2 7 19 3 
11 48 43 34 41 41 7 
5 17 48 31 6 39 5 
40 43 6 15 31 17 42 
25 37 44 17 42 11 19 
25 11 13 42 6 1 22 
13 9 13 37 1 36 21 
22 19 27 16 21 12 43 
47 6 10 13 34 15 42 
38 1 3 36 43 15 46 
38 7 18 45 40 17 20 
4 35 3 27 0 36 48 
40 18 34 28 12 26 13 
30 31 37 34 22 20 49 
20 12 26 37 45 9 17 
27 19 28 29 30 27 16 
16 8 8 26 36 29 29 
24 40 22 6 35 11 7 
30 10 16 24 22 30 43 
8 39 2 10 46 40 30 
49 0 32 9 20 16 16 
12 1 26 8 29 5 33 
23 20 6 15 8 48 3 
33 35 6 27 21 49 16 
11 18 10 46 13 9 19 
3 13 42 36 45 27 29 
7 3 41 23 2 40 47 
27 12 36 47 48 46 14 
37 7 20 17 40 37 18 
39 30 41 8 48 49 23 
10 36 35 48 33 46 8 
47 19 26 28 20 15 46 
24 40 3 6 6 15 32 
27 31 48 15 3 6 25 
11 4 21 25 13 39 3 
46 11 15 4 6 14 31 
23 34 8 2 43 40 14 
16 9 21 2 9 0 3 
17 9 24 47 9 30 35 
21 22 21 8 45 42 10 
42 37 42 20 3 29 23 

82 3 55
38 26 10 
4 32 1 
32 36 34 
16 6 43 
48 8 2 
21 49 3 
15 43 13 
11 21 3 
14 19 33 
0 48 7 
16 13 10 
18 2 34 
2 45 33 
36 15 31 
33 48 18 
26 15 38 
9 1 47 
10 21 3 
45 24 27 
34 32 46 
34 0 28 
29 16 34 
25 26 17 
48 44 26 
14 22 27 
38 49 43 
30 23 19 
44 29 16 
38 20 49 
45 11 26 
25 41 30 
39 42 22 
6 28 32 
46 29 36 
21 36 46 
3 15 14 
41 9 24 
46 15 41 
10 30 12 
36 30 49 
38 29 33 
38 16 40 
41 1 49 
30 25 5 
13 4 27 
3 32 41 
47 21 2 
30 28 24 
7 14 45 
44 30 1 
22 8 38 
17 23 37 
14 45 26 
45 20 44 
41 34 47 
42 42 48 
6 14 40 
47 38 35 
26 4 16 
46 17 28 
35 42 28 
31 18 36 
1 9 44 
33 29 12 
43 6 21 
5 9 16 
29 33 3 
38 36 10 
44 20 22 
17 13 44 
23 0 11 
14 46 2 
7 27 31 
36 15 43 
20 44 13 
41 6 34 
48 26 29 
38 5 13 
22 3 31 
17 30 34 
30 46 39 
44 8 34 

12 6 1
39 44 31 2 42 19 
25 9 11 37 30 33 
26 0 41 35 26 35 
26 32 28 40 40 8 
11 46 23 30 6 38 
35 28 33 2 9 17 
42 20 34 7 22 17 
26 46 45 48 6 33 
8 6 9 16 38 42 
8 43 14 0 49 38 
10 30 38 47 41 18 
18 8 10 34 40 27 

42 2 37
17 42 
31 43 
8 0 
4 48 
2 38 
40 42 
15 48 
14 9 
45 16 
46 32 
33 42 
46 18 
48 8 
12 9 
18 19 
16 39 
15 19 
35 33 
47 12 
20 3 
32 31 
7 33 
32 39 
4 18 
27 39 
34 21 
8 27 
47 39 
28 29 
8 45 
45 2 
33 36 
28 44 
46 39 
14 3 
33 30 
14 11 
44 12 
4 30 
29 11 
40 18 
18 26 

45 2 13
5 10 
43 29 
38 48 
19 49 
23 18 
45 6 
31 8 
16 42 
22 11 
37 35 
25 15 
18 48 
49 37 
4 44 
8 45 
2 19 
25 38 
20 0 
1 20 
19 17 
7 2 
20 13 
13 3 
49 10 
29 32 
20 35 
15 36 
11 28 
0 0 
9 34 
48 7 
18 46 
29 30 
25 35 
19 38 
45 22 
20 9 
6 7 
2 49 
11 29 
27 21 
46 18 
15 12 
40 23 
13 17 

74 1 62
29 
38 
45 
7 
9 
2 
23 
24 
30 
46 
7 
33 
25 
15 
7 
18 
1 
9 
4 
46 
46 
35 
13 
0 
30 
36 
25 
40 
35 
34 
15 
43 
41 
23 
8 
31 
18 
15 
6 
48 
38 
8 
40 
49 
44 
42 
8 
18 
30 
49 
49 
16 
36 
27 
36 
47 
12 
23 
23 
11 
41 
42 
33 
37 
49 
20 
21 
40 
35 
30 
42 
38 
5 
21 

66 9 34
27 6 41 35 2 11 36 29 24 
22 11 42 8 24 21 33 42 23 
43 43 21 2 46 0 20 36 48 
34 8 33 27 12 44 24 5 36 
11 48 14 5 15 43 9 11 10 
47 42 13 21 7 11 3 25 11 
15 12 31 28 23 49 40 36 28 
33 37 20 13 9 15 23 20 29 
21 31 9 4 17 45 21 20 33 
44 43 26 35 29 45 39 41 43 
14 43 12 9 14 6 48 32 46 
6 18 45 20 44 0 46 48 1 
34 44 38 33 14 30 15 46 2 
41 16 27 41 31 9 8 9 25 
31 15 31 15 45 25 22 29 14 
10 45 32 27 22 28 6 5 26 
40 16 12 22 16 16 23 42 31 
48 13 23 35 27 7 2 4 23 
47 46 17 25 17 43 33 23 1 
32 41 36 42 27 3 21 38 43 
20 3 3 10 0 4 1 17 13 
48 16 33 2 21 27 30 18 19 
27 10 1 47 5 48 2 24 8 
27 12 33 42 31 9 27 16 21 
38 11 8 30 33 9 19 34 0 
39 4 3 13 28 1 19 3 26 
7 38 26 43 35 26 37 44 47 
3 19 30 45 5 6 2 27 22 
38 19 12 45 0 19 28 48 18 
15 10 11 23 8 12 49 48 15 
18 34 8 2 22 5 5 39 1 
12 45 37 37 4 21 39 41 0 
42 3 0 36 34 45 5 0 17 
17 25 8 36 33 43 34 16 35 
41 47 33 13 26 2 10 39 5 
31 14 2 26 9 9 43 17 15 
16 39 21 20 38 30 29 3 11 
31 30 5 13 19 31 45 28 21 
7 13 17 24 3 15 31 7 3 
29 18 27 2 21 35 31 14 10 
0 7 25 42 26 8 18 35 21 
10 22 23 19 1 6 19 28 48 
12 49 14 8 27 40 17 25 49 
29 10 33 15 17 1 15 25 46 
17 39 3 16 47 5 28 43 9 
44 34 29 24 4 29 9 11 27 
48 46 45 26 23 2 43 42 8 
25 42 2 20 6 43 45 33 20 
29 27 21 6 11 14 48 17 5 
30 24 0 28 21 24 46 17 24 
6 24 42 35 23 10 25 11 28 
38 22 12 42 0 17 2 10 7 
9 38 31 43 25 25 32 39 11 
12 31 17 10 38 2 8 28 15 
47 29 28 36 45 1 49 0 42 
31 22 35 41 17 18 47 7 12 
21 28 17 40 36 28 17 25 20 
10 1 25 30 38 14 10 40 34 
19 45 41 2 25 31 0 41 46 
40 0 16 47 21 5 43 49 27 
43 8 18 46 43 21 36 43 35 
33 7 47 21 30 6 1 35 19 
45 10 13 32 2 20 46 14 35 
48 13 43 21 49 38 12 47 16 
7 5 5 3 48 35 17 1 49 
0 25 22 16 3 17 49 12 3 

68 8 40
9 35 17 25 1 24 25 7 
1 48 36 31 47 37 17 17 
23 15 31 3 38 32 40 26 
28 15 19 47 10 24 6 35 
27 35 6 17 7 2 36 24 
14 41 13 29 38 20 21 39 
47 36 1 13 22 48 14 18 
39 17 20 20 17 30 24 31 
17 27 4 2 35 29 6 19 
26 18 11 17 28 34 19 47 
49 30 11 37 12 2 32 49 
15 0 12 44 34 41 14 46 
15 2 40 11 7 45 35 27 
46 13 10 38 24 30 41 45 
12 4 6 39 22 26 26 49 
13 45 23 41 3 7 19 33 
23 4 0 32 29 11 44 11 
45 17 11 40 27 18 23 34 
39 0 10 30 2 27 31 38 
37 26 34 19 2 46 47 22 
34 47 2 25 28 6 48 5 
28 38 32 47 45 11 8 17 
21 34 23 29 0 44 2 15 
18 22 0 24 33 29 8 20 
16 17 29 28 1 40 33 40 
34 32 39 10 12 13 26 44 
1 6 18 31 42 46 25 12 
36 11 11 15 18 2 4 10 
0 10 24 27 16 13 13 32 
30 45 42 3 36 33 34 18 
30 36 36 38 27 8 3 49 
3 24 11 20 5 10 18 26 
23 7 11 37 26 45 36 8 
35 17 15 12 43 28 41 4 
23 7 33 11 43 33 19 4 
20 3 27 31 12 47 35 41 
28 16 6 43 42 5 14 45 
32 4 18 12 4 16 45 48 
36 45 19 23 21 42 19 5 
17 45 5 49 31 20 2 40 
15 15 15 42 6 22 33 44 
18 11 15 25 2 32 3 47 
13 2 11 28 37 19 2 24 
4 17 47 40 36 30 1 27 
48 8 21 10 35 10 44 17 
40 38 25 37 43 5 2 28 
5 18 27 2 38 29 34 29 
4 15 9 38 33 9 0 43 
18 31 9 7 7 43 5 7 
10 39 41 38 6 20 36 31 
34 3 30 47 2 25 16 7 
10 1 5 48 20 2 35 13 
10 30 31 1 24 48 17 29 
19 45 12 9 18 40 17 47 
17 30 29 31 11 39 47 1 
7 42 17 14 2 18 26 40 
29 18 45 7 11 45 43 35 
25 9 39 46 1 48 40 19 
2 19 20 27 34 8 40 48 
36 43 13 20 43 14 37 0 
24 31 16 28 46 35 19 10 
40 39 17 33 12 14 0 31 
32 2 35 4 7 46 10 39 
2 18 11 17 30 19 7 15 
19 41 32 45 26 23 6 27 
29 32 48 41 19 47 35 24 
11 9 40 8 45 26 32 30 
38 6 19 27 48 44 22 31 

95 7 2
40 15 15 45 43 34 34 
35 32 30 16 2 1 4 
20 36 36 16 24 43 31 
22 21 17 22 33 8 31 
37 10 18 48 5 19 30 
22 18 41 43 28 36 35 
20 9 3 48 38 47 23 
6 40 46 36 19 24 43 
42 5 13 23 27 46 42 
4 24 4 45 15 34 15 
6 1 36 21 16 32 22 
20 33 23 2 13 45 33 
38 11 41 0 22 14 18 
18 1 9 16 37 47 42 
1 49 28 9 45 49 30 
42 32 47 36 43 4 40 
25 20 21 38 41 31 15 
6 14 45 38 19 6 5 
14 7 5 36 43 3 20 
8 29 36 38 11 27 34 
41 40 8 46 34 23 45 
20 29 35 29 9 26 11 
47 2 45 19 40 43 39 
36 28 13 26 11 19 39 
1 0 40 9 44 18 18 
5 9 47 31 15 13 42 
27 46 43 48 26 13 41 
15 32 30 31 39 49 13 
36 47 38 42 13 5 22 
21 5 12 43 2 41 14 
1 32 34 48 29 32 19 
30 33 14 24 26 47 38 
13 3 2 2 43 37 29 
1 4 29 44 25 42 3 
11 37 16 48 39 18 22 
16 46 23 13 4 44 43 
49 14 27 31 3 20 0 
35 0 31 44 31 1 30 
21 26 30 40 49 30 32 
40 24 45 16 38 6 21 
29 21 8 38 7 10 0 
26 37 13 26 15 10 23 
0 23 38 23 49 48 30 
6 39 9 34 36 30 42 
13 11 19 2 9 17 6 
22 34 43 10 25 26 0 
12 8 33 38 31 5 3 
16 29 17 39 17 42 17 
8 49 6 35 6 12 11 
27 25 43 4 32 9 38 
29 48 46 12 25 30 8 
8 19 39 17 35 2 26 
24 16 4 15 24 39 7 
42 0 20 28 41 27 4 
47 29 45 8 6 48 19 
39 43 36 34 19 34 40 
28 32 45 19 3 19 2 
19 15 9 40 16 33 20 
26 42 46 4 30 1 29 
6 43 9 24 4 32 39 
21 33 30 6 8 6 11 
39 25 43 48 12 5 33 
19 36 7 45 39 46 47 
18 40 32 45 25 7 42 
39 15 35 31 26 37 20 
6 25 23 30 7 11 26 
27 40 0 39 39 25 47 
14 4 12 28 0 4 36 
3 14 17 12 20 24 25 
34 8 41 48 26 34 22 
13 31 9 43 42 7 45 
29 33 33 38 25 45 31 
32 20 11 40 46 42 28 
0 18 31 0 8 2 15 
36 26 9 20 47 6 37 
23 30 32 0 7 34 20 
17 40 42 7 10 49 1 
31 14 21 35 9 13 12 
38 23 38 38 43 25 30 
29 25 28 44 37 3 48 
13 31 47 48 43 28 14 
4 29 25 13 16 47 18 
4 8 9 43 13 1 48 
19 24 6 48 9 44 46 
24 2 12 3 20 41 27 
5 40 43 0 4 35 31 
13 34 23 5 4 5 37 
44 24 33 40 19 25 29 
31 6 30 2 41 7 15 
3 14 45 27 23 11 7 
34 4 28 9 21 37 49 
23 5 22 3 15 42 34 
9 35 27 34 29 24 16 
45 41 47 36 29 44 45 
45 47 49 7 37 37 32 

38 4 36
46 38 17 38 
27 44 37 1 
3 6 4 26 
46 5 7 4 
46 41 19 21 
15 12 46 9 
18 9 37 47 
6 27 31 42 
19 23 3 45 
46 18 25 4 
40 11 42 33 
27 27 24 49 
30 48 29 45 
41 43 27 18 
49 2 14 4 
34 39 31 27 
24 20 36 13 
24 36 28 15 
11 1 43 18 
19 4 32 7 
21 11 2 30 
35 44 6 19 
39 13 27 1 
48 33 32 29 
28 31 26 18 
27 46 37 36 
5 19 4 29 
30 26 31 22 
39 19 21 35 
0 20 14 2 
16 49 8 35 
3 30 25 37 
16 35 42 44 
44 21 49 14 
9 1 1 2 
30 23 0 12 
10 35 15 36 
14 37 49 21 

52 9 11
9 17 38 34 1 37 0 46 23 
31 5 32 42 37 19 0 36 35 
45 41 20 8 34 27 43 13 26 
43 3 43 32 30 32 6 16 11 
47 43 6 39 24 4 16 16 11 
16 14 15 1 31 49 36 21 39 
28 48 40 23 25 38 23 24 29 
49 29 13 46 5 5 18 4 7 
7 45 1 38 43 23 48 42 42 
7 3 5 12 3 26 18 42 30 
13 18 26 15 49 20 12 14 32 
4 39 12 19 25 42 17 8 44 
20 22 10 0 22 35 16 0 15 
17 49 8 2 7 14 12 0 13 
21 21 42 47 37 31 5 7 6 
30 47 34 2 17 8 42 3 43 
19 47 10 44 14 48 32 16 10 
23 6 38 13 36 38 43 19 19 
35 13 0 28 16 26 21 44 9 
38 5 18 13 24 11 2 26 23 
1 6 15 24 48 20 23 37 42 
27 17 14 9 42 43 22 36 0 
11 29 9 26 49 45 1 15 15 
30 48 24 28 30 48 30 33 42 
39 9 5 34 2 21 15 2 40 
48 38 25 0 49 40 40 13 20 
36 49 19 25 19 26 31 15 44 
28 15 42 38 5 6 41 36 34 
7 4 1 9 1 30 34 4 11 
40 15 39 36 12 42 43 45 26 
2 33 31 18 38 33 47 43 27 
3 25 47 42 20 33 9 17 12 
45 2 7 35 41 19 45 40 16 
23 49 46 46 39 19 19 48 5 
36 2 42 38 49 16 28 45 15 
4 48 9 30 13 48 14 27 1 
43 31 26 47 33 7 35 27 41 
36 13 21 12 26 24 21 35 32 
23 40 7 31 7 9 28 24 12 
38 32 0 28 1 41 1 25 8 
38 20 47 37 4 43 41 25 35 
28 4 40 5 25 16 7 13 27 
36 32 45 43 34 29 30 6 4 
41 29 46 44 1 29 23 41 25 
12 42 14 37 4 31 20 34 12 
8 5 0 29 12 30 44 36 9 
30 46 29 44 27 38 31 33 48 
0 41 26 32 19 15 28 45 8 
22 27 38 38 46 34 47 20 47 
10 22 38 48 3 3 24 47 16 
43 27 7 26 3 18 23 5 48 
40 39 14 4 33 29 36 12 16 

17 8 14
23 3 21 30 32 23 16 36 
14 30 33 4 11 49 37 8 
1 35 19 39 31 36 29 44 
42 37 37 34 11 47 8 27 
44 4 44 47 1 39 0 32 
40 49 42 7 3 48 7 32 
21 3 34 4 2 44 21 23 
38 39 5 20 12 43 24 34 
18 5 7 18 49 2 17 36 
7 16 4 33 0 11 47 28 
36 41 16 15 22 41 13 18 
7 30 15 10 18 37 16 46 
39 4 28 7 0 48 6 17 
40 27 8 44 10 45 44 15 
12 40 28 9 3 39 0 49 
28 10 19 19 16 4 18 19 
30 3 42 25 4 45 16 34 

9 6 3
25 18 40 47 46 32 
10 22 29 31 48 48 
17 31 33 26 11 47 
30 28 20 26 6 47 
41 45 40 46 24 27 
5 24 22 35 34 16 
22 38 35 24 25 13 
26 0 24 15 1 3 
39 47 32 13 25 1 

78 3 68
16 31 37 
8 45 15 
14 48 0 
6 26 46 
4 7 32 
21 34 10 
17 3 25 
9 42 44 
21 18 8 
29 29 22 
13 27 49 
11 11 27 
29 23 34 
35 20 6 
20 11 44 
0 14 35 
10 48 36 
30 27 20 
43 22 34 
20 30 22 
4 44 47 
39 7 49 
14 44 7 
32 44 20 
45 29 36 
9 49 22 
45 45 41 
21 7 16 
41 44 7 
2 7 30 
28 27 42 
42 23 35 
41 45 35 
32 37 48 
20 13 0 
6 6 24 
9 20 46 
35 7 44 
2 44 42 
7 44 47 
3 32 24 
19 32 12 
9 25 47 
8 36 26 
11 46 47 
44 34 45 
19 17 13 
14 1 37 
19 31 1 
43 27 16 
8 43 40 
44 19 3 
44 33 40 
37 2 31 
31 48 18 
26 19 21 
40 3 43 
10 30 18 
20 25 8 
22 0 32 
40 22 27 
4 37 27 
40 6 4 
2 47 21 
29 16 38 
9 16 42 
45 34 43 
36 46 40 
39 49 15 
31 22 34 
40 20 18 
11 19 22 
22 29 13 
47 44 17 
5 45 11 
3 40 40 
29 27 45 
23 41 40 

43 4 34
31 34 10 17 
8 24 30 42 
11 5 49 45 
41 17 15 27 
7 2 16 31 
17 10 34 31 
19 17 30 35 
22 23 16 28 
22 44 13 38 
0 42 21 10 
22 49 41 2 
30 25 17 25 
18 9 43 2 
35 41 19 48 
13 37 19 3 
13 1 19 25 
48 49 26 13 
23 27 16 15 
11 9 4 47 
42 15 46 35 
40 13 14 27 
47 3 12 31 
2 25 34 5 
10 44 49 10 
11 39 2 34 
41 41 23 41 
29 0 23 17 
30 16 10 4 
2 26 44 40 
41 33 29 20 
22 6 27 5 
47 20 5 7 
33 9 19 34 
13 19 19 21 
44 32 33 14 
45 45 42 23 
40 2 39 14 
0 30 29 19 
29 39 15 43 
14 29 24 18 
46 37 29 31 
18 20 40 16 
44 2 30 39 

59 4 16
5 49 49 1 
48 7 12 43 
12 49 12 2 
0 3 47 11 
22 17 30 31 
34 20 5 3 
43 4 46 21 
27 32 26 39 
8 47 29 11 
1 46 34 0 
29 3 41 7 
0 32 2 27 
49 15 0 41 
35 30 39 2 
28 42 36 8 
34 15 42 13 
1 28 19 41 
6 16 25 47 
29 48 24 36 
10 23 17 23 
30 49 41 22 
27 6 24 12 
18 12 3 20 
43 45 35 33 
38 29 5 28 
19 32 21 40 
14 44 33 0 
29 39 2 40 
48 14 18 20 
27 0 43 7 
11 43 1 33 
3 32 15 46 
1 29 24 10 
7 46 35 1 
2 9 29 1 
5 28 43 2 
0 17 11 23 
35 21 48 32 
39 34 28 12 
37 35 40 33 
26 26 12 11 
17 20 2 7 
11 13 8 10 
29 37 35 29 
9 38 26 1 
18 32 48 43 
26 23 14 27 
46 16 42 40 
24 24 45 13 
33 35 37 44 
23 25 27 40 
20 21 3 40 
47 24 49 30 
5 46 0 5 
4 18 17 20 
31 19 24 11 
47 16 8 20 
16 22 48 42 
21 42 40 37 

46 9 12
17 21 43 36 6 19 37 40 3 
44 8 46 39 43 16 40 1 7 
24 43 36 38 37 7 34 7 36 
45 13 1 15 44 26 11 43 24 
35 19 29 31 10 46 31 34 46 
16 17 46 41 30 25 10 16 24 
3 6 34 42 42 19 24 1 26 
31 48 5 23 36 8 22 45 32 
29 4 22 45 27 35 24 3 46 
8 7 27 28 32 23 40 35 11 
32 20 22 8 13 11 37 16 39 
21 49 49 18 8 15 18 16 29 
22 13 32 38 9 42 22 25 5 
5 37 37 41 17 2 24 29 12 
24 21 32 30 36 26 25 38 19 
37 9 32 45 2 17 26 18 2 
34 40 7 16 39 8 7 21 24 
7 17 37 41 36 11 23 18 30 
30 44 2 34 6 20 25 31 17 
32 6 1 49 40 29 49 43 12 
28 25 8 5 27 5 11 37 11 
7 28 27 40 17 15 8 12 6 
39 48 48 5 0 6 9 2 11 
26 27 38 16 28 19 1 25 40 
42 40 39 35 2 38 4 16 41 
45 25 7 38 20 1 45 6 22 
47 36 12 25 4 30 41 24 26 
34 28 7 14 29 5 42 45 30 
30 22 24 9 16 48 16 49 38 
11 41 40 34 12 22 16 12 49 
25 11 40 36 48 14 40 22 42 
40 7 19 27 20 8 11 11 9 
26 5 1 44 1 5 39 16 22 
21 45 5 39 39 4 14 40 40 
4 5 14 45 6 4 3 42 14 
15 3 38 17 3 4 28 1 35 
40 17 25 25 37 35 20 7 26 
47 28 12 46 43 12 41 20 8 
36 4 12 43 45 45 39 18 48 
11 25 27 21 40 1 45 28 28 
15 41 23 47 13 33 20 4 45 
45 7 48 46 20 18 38 29 39 
16 44 41 18 11 12 32 26 19 
13 34 1 19 22 47 33 42 15 
47 17 18 42 30 46 2 29 16 
30 1 31 18 35 13 1 49 35 

78 9 57
45 42 5 19 42 48 27 33 13 
34 39 4 14 35 25 17 35 49 
36 42 5 28 34 20 3 19 47 
17 49 24 14 10 18 49 24 44 
16 20 48 48 11 39 49 30 37 
35 38 20 31 2 13 26 12 1 
48 41 29 24 17 37 39 6 46 
15 47 5 34 1 19 4 28 27 
9 15 29 37 46 3 11 44 6 
34 14 20 10 15 3 20 8 33 
49 27 10 40 1 47 39 23 24 
32 6 10 2 43 6 7 20 20 
13 35 15 35 33 45 22 6 12 
36 4 5 30 42 35 17 1 47 
42 37 16 6 16 41 26 10 48 
5 4 13 39 34 15 30 43 33 
42 31 15 42 44 38 32 11 31 
13 31 45 39 49 10 19 14 43 
20 6 35 3 40 32 3 39 26 
33 22 13 3 32 47 42 43 44 
25 35 19 8 33 5 24 35 34 
18 5 38 20 31 1 0 43 18 
44 7 17 4 30 45 38 14 18 
26 49 2 21 24 0 29 15 19 
44 19 31 1 17 39 21 12 30 
9 43 28 41 15 29 25 40 33 
0 19 9 48 33 14 8 17 41 
7 35 46 41 6 0 35 35 37 
11 41 18 48 40 41 44 12 15 
19 9 25 0 3 43 24 10 33 
20 16 28 1 30 7 33 40 35 
10 22 31 24 13 17 37 32 15 
36 30 49 39 19 41 48 5 38 
23 35 6 7 17 48 18 15 18 
44 39 40 41 25 46 8 20 44 
23 0 11 41 20 36 28 0 21 
28 7 47 20 4 7 28 38 25 
27 0 29 11 24 11 45 28 11 
41 33 34 40 47 39 17 35 18 
38 2 25 3 0 10 3 15 38 
46 5 38 5 3 8 12 1 42 
13 29 32 32 45 21 32 6 5 
27 0 42 25 23 48 42 32 34 
27 22 46 43 48 47 17 20 49 
10 7 33 25 28 41 44 42 49 
43 47 28 12 44 1 32 20 21 
40 29 36 0 28 38 22 47 18 
34 38 49 39 23 30 2 44 41 
30 37 45 45 45 14 21 24 25 
36 32 40 20 17 14 48 11 25 
49 40 31 16 6 13 3 20 36 
17 24 45 21 6 8 19 38 29 
27 47 23 5 9 3 13 22 35 
10 26 20 20 37 1 9 22 20 
17 29 31 6 25 32 22 22 11 
2 40 13 22 4 16 32 21 36 
20 43 16 23 14 0 6 2 38 
43 19 45 31 3 26 18 42 39 
31 48 48 37 17 32 27 18 9 
16 43 33 36 26 16 9 9 47 
35 8 47 17 1 35 29 28 45 
40 39 11 16 30 17 22 18 32 
26 13 5 18 9 1 49 17 41 
14 11 49 14 16 33 35 16 9 
26 1 35 42 9 20 26 36 42 
14 17 26 30 2 14 10 37 1 
21 45 39 31 0 48 31 33 36 
46 5 17 42 19 3 22 24 1 
10 1 21 37 40 15 33 34 1 
11 23 10 10 29 15 14 7 43 
26 47 29 20 34 43 12 43 11 
5 34 3 24 31 23 19 7 47 
15 13 39 36 39 12 37 40 22 
4 29 16 18 24 7 41 43 49 
31 35 25 23 2 36 43 36 39 
24 1 15 17 29 18 3 29 0 
23 40 23 29 19 24 29 23 49 
33 30 29 49 18 3 36 7 45 

91 1 50
23 
16 
27 
5 
36 
22 
27 
32 
13 
36 
14 
36 
35 
13 
16 
20 
18 
4 
21 
39 
22 
42 
11 
39 
21 
4 
16 
42 
41 
21 
32 
19 
1 
41 
4 
5 
42 
24 
19 
48 
39 
7 
36 
9 
33 
47 
36 
37 
46 
20 
21 
47 
31 
36 
42 
15 
11 
48 
25 
11 
13 
24 
17 
23 
46 
32 
16 
42 
38 
42 
0 
34 
42 
20 
6 
5 
27 
32 
12 
48 
30 
3 
45 
40 
33 
38 
23 
16 
46 
38 
19 

88 4 5
20 46 28 8 
25 27 8 11 
12 33 41 18 
18 28 4 45 
39 7 15 44 
42 2 37 27 
45 26 7 4 
28 46 24 5 
31 8 26 33 
0 8 33 11 
25 19 40 22 
31 3 1 43 
1 48 41 15 
12 0 9 32 
17 49 12 0 
1 13 19 48 
26 26 25 21 
39 2 8 19 
16 20 3 41 
1 5 34 33 
39 43 0 18 
0 25 12 27 
24 11 41 29 
9 42 33 44 
20 33 1 34 
35 17 43 30 
11 40 19 5 
25 3 49 43 
7 38 19 2 
24 7 38 19 
49 38 25 1 
4 36 2 9 
8 9 28 6 
19 24 3 16 
29 17 26 20 
7 26 49 8 
24 8 23 47 
4 42 12 49 
19 25 27 26 
35 35 8 48 
18 35 15 21 
35 27 46 42 
14 20 5 24 
26 28 35 47 
16 31 2 23 
34 23 25 3 
31 48 37 7 
36 7 2 26 
4 29 26 37 
13 38 48 23 
39 39 44 18 
32 20 21 4 
44 23 26 23 
1 40 43 2 
44 45 25 44 
15 5 32 20 
21 9 26 41 
45 26 19 39 
8 6 19 10 
38 27 35 49 
43 11 26 9 
46 32 47 23 
5 30 2 49 
46 17 39 26 
20 48 9 48 
31 3 5 43 
38 4 41 24 
5 40 19 29 
28 14 47 35 
31 4 7 22 
34 13 20 29 
42 36 6 1 
36 12 47 7 
21 11 46 24 
36 28 43 17 
3 20 13 18 
16 36 39 47 
28 44 15 20 
44 37 14 20 
25 2 15 8 
47 15 39 24 
23 1 7 13 
47 12 45 31 
22 21 25 44 
26 46 0 36 
42 29 30 6 
39 36 8 32 
42 12 27 35 

89 8 16
43 17 32 9 44 6 19 31 
28 24 0 40 41 27 24 23 
38 30 3 7 49 14 20 12 
19 29 23 42 35 31 34 16 
30 31 24 44 7 4 1 16 
25 27 36 31 41 22 5 42 
27 16 42 49 15 5 5 1 
46 46 21 14 29 37 36 13 
25 8 17 0 18 22 4 2 
16 23 14 26 36 36 35 25 
8 13 18 48 11 43 27 24 
7 37 43 28 31 22 1 10 
33 7 14 47 10 15 12 25 
33 14 35 11 30 34 49 19 
5 14 35 44 26 42 32 47 
44 19 26 23 40 33 18 45 
8 40 35 41 5 10 34 12 
41 40 29 35 19 41 2 47 
39 11 4 20 48 10 3 8 
28 46 27 42 49 5 43 17 
4 30 12 0 5 21 20 12 
36 49 9 1 47 48 12 9 
16 27 5 15 22 22 38 46 
29 1 39 33 24 21 46 46 
24 23 37 33 9 19 16 37 
26 8 42 34 48 16 9 13 
48 26 31 28 47 38 33 13 
3 14 2 16 46 24 31 18 
2 0 41 4 12 18 20 33 
47 38 19 0 16 15 32 45 
31 37 25 35 13 26 12 5 
11 11 9 41 34 45 39 26 
1 19 2 36 9 13 14 11 
30 29 27 23 13 8 8 32 
3 8 40 12 9 14 17 47 
15 29 36 34 16 7 46 45 
23 35 21 8 3 48 37 6 
43 24 33 6 37 35 39 31 
25 8 47 43 46 18 31 30 
15 18 37 29 45 19 16 43 
26 4 7 48 0 16 49 41 
2 31 10 30 0 34 30 30 
25 33 20 7 32 47 24 20 
32 19 10 21 2 46 17 26 
47 32 19 5 20 49 31 25 
26 32 28 19 15 44 1 41 
26 7 8 42 16 21 34 45 
48 14 27 22 43 5 49 39 
40 33 39 16 44 11 30 15 
29 14 42 48 18 19 15 1 
24 10 0 34 47 16 7 24 
13 6 29 39 47 49 11 28 
9 47 6 27 13 27 33 37 
21 29 47 39 25 25 30 11 
19 28 5 47 33 49 27 19 
29 17 32 45 1 24 2 9 
28 18 42 36 36 17 33 43 
13 30 7 10 23 21 9 5 
32 29 48 12 29 9 18 18 
9 37 19 18 28 5 44 15 
29 26 21 30 30 13 36 21 
11 17 33 35 27 2 15 15 
21 43 19 13 18 33 25 8 
19 14 27 43 9 22 8 47 
41 29 5 30 33 26 3 39 
41 10 19 12 32 21 14 1 
6 38 35 41 19 43 8 18 
45 6 10 18 48 2 48 31 
5 13 2 4 32 17 38 45 
24 9 15 31 38 49 0 24 
11 39 19 22 0 18 33 6 
42 35 25 19 29 3 31 47 
14 49 39 36 40 32 1 39 
42 8 39 41 14 45 2 17 
45 34 20 39 48 25 20 12 
46 27 22 34 23 20 3 23 
12 7 30 31 13 27 23 24 
31 31 3 49 31 46 36 8 
26 0 19 19 20 45 23 11 
34 30 48 33 27 21 23 30 
47 34 38 6 18 49 49 12 
32 14 20 40 35 26 2 49 
14 45 24 46 30 44 47 29 
42 12 47 36 10 26 42 1 
31 34 36 32 24 18 27 3 
13 40 6 14 39 14 38 33 
22 20 46 25 19 0 24 3 
34 18 35 2 29 38 3 2 
14 8 17 11 47 30 32 40 

28 7 19
7 20 40 42 25 38 5 
4 36 25 18 20 20 14 
27 27 2 24 37 43 34 
16 46 9 41 38 26 28 
28 26 0 9 24 14 45 
16 27 38 11 31 9 15 
13 31 33 10 25 5 35 
17 33 48 25 17 45 19 
25 48 48 26 17 3 21 
4 37 20 3 40 15 45 
13 48 41 46 8 33 11 
41 3 19 29 33 48 15 
45 0 10 45 26 47 43 
12 13 49 23 8 33 15 
17 49 1 35 35 41 21 
7 24 27 27 39 27 48 
10 3 44 36 41 13 33 
21 1 34 37 35 0 18 
14 35 45 13 27 41 20 
40 26 11 2 5 30 47 
10 49 2 29 35 4 12 
19 23 34 22 19 40 26 
13 22 41 32 11 8 43 
47 44 48 43 43 41 6 
36 34 15 7 3 39 2 
48 24 9 4 24 16 46 
39 2 29 3 5 31 31 
38 9 34 20 32 44 31 

67 6 46
4 7 39 1 7 25 
49 16 11 12 18 42 
15 34 17 40 8 22 
40 48 46 42 9 36 
46 12 11 24 1 15 
7 27 19 13 1 48 
29 42 26 42 8 2 
22 49 7 45 1 39 
46 40 8 1 14 16 
37 17 37 42 40 41 
38 2 38 18 45 14 
28 29 6 47 10 48 
26 34 44 24 28 30 
25 10 42 18 13 5 
8 34 16 1 5 24 
28 6 7 22 26 45 
39 16 18 22 12 37 
31 0 40 17 36 36 
26 18 13 17 22 39 
32 43 42 15 16 0 
11 5 42 0 30 44 
15 23 29 24 12 32 
33 9 5 40 14 49 
37 45 7 23 45 28 
1 6 8 16 13 15 
41 42 10 18 10 8 
12 32 19 31 24 44 
44 35 13 43 29 10 
26 30 30 22 1 3 
40 18 13 25 32 19 
48 6 32 49 35 7 
35 13 35 27 41 39 
43 29 12 48 22 25 
31 36 37 5 27 20 
13 17 36 44 49 44 
37 49 19 30 14 17 
27 35 10 24 4 19 
35 6 44 36 4 19 
4 39 27 12 23 35 
1 8 9 27 49 16 
27 11 35 43 11 48 
20 13 27 46 39 48 
26 24 34 6 22 47 
39 35 3 35 24 24 
13 15 33 48 19 10 
2 39 35 17 2 17 
18 45 22 32 23 22 
19 7 17 13 48 14 
5 19 14 25 10 6 
24 49 2 17 9 44 
3 44 15 45 39 21 
13 22 43 13 42 44 
38 36 21 40 1 42 
33 30 35 6 30 6 
39 14 43 29 34 19 
4 23 9 1 8 11 
20 20 31 4 15 36 
42 12 43 5 35 5 
17 16 35 1 25 30 
11 33 28 20 16 19 
36 27 27 0 5 44 
35 47 40 16 47 36 
19 26 39 9 4 36 
6 25 2 39 48 25 
12 7 40 47 12 38 
19 25 39 11 36 10 
0 13 31 34 6 17 

75 9 19
32 18 35 3 17 45 16 34 23 
9 32 36 9 12 17 33 10 34 
46 0 11 20 40 48 33 48 28 
47 33 30 41 20 25 12 7 31 
24 27 15 18 21 32 26 17 18 
48 38 18 35 16 14 48 34 44 
24 29 31 18 9 22 4 45 12 
20 37 15 47 32 45 14 48 3 
12 10 43 43 35 18 19 23 9 
27 2 42 20 23 22 9 25 22 
15 31 36 14 14 13 33 35 1 
5 20 6 1 21 20 43 47 31 
33 22 34 28 7 1 7 5 26 
7 39 44 5 48 44 35 2 46 
11 33 47 34 11 45 33 37 5 
35 1 21 32 36 34 42 45 41 
45 26 11 9 3 36 2 11 3 
0 6 0 18 24 37 24 31 17 
16 7 29 32 3 13 14 1 44 
18 18 6 17 23 17 29 21 47 
47 8 44 16 48 13 43 16 25 
31 29 23 38 38 46 7 2 11 
18 30 7 31 35 35 7 47 24 
6 25 1 40 44 47 28 47 35 
19 21 49 43 38 39 18 0 6 
41 46 2 21 16 3 20 39 23 
29 27 13 4 8 21 27 39 48 
16 49 14 22 4 20 8 4 23 
17 25 25 47 20 35 8 34 41 
12 1 23 20 19 0 31 4 47 
7 14 37 37 29 26 41 20 19 
7 47 33 7 9 45 24 35 4 
1 2 26 25 30 44 17 20 28 
2 4 28 49 1 36 29 23 18 
18 6 23 33 28 39 8 44 30 
37 36 32 4 29 48 30 47 33 
34 33 19 25 48 4 27 40 31 
8 19 27 21 37 12 4 49 44 
22 14 4 31 18 8 39 48 4 
49 48 25 5 49 40 4 49 12 
49 21 16 47 12 9 22 12 13 
18 39 46 43 20 45 24 24 6 
9 29 21 3 16 4 36 38 13 
21 33 43 10 39 13 0 21 35 
48 35 32 12 41 13 13 12 44 
12 3 33 14 12 40 15 17 33 
37 20 29 11 13 41 8 26 45 
18 18 3 9 13 9 21 32 7 
41 42 2 27 43 14 1 37 24 
38 47 15 42 3 46 43 16 16 
45 46 15 0 27 29 15 38 9 
18 45 8 27 5 30 9 1 19 
1 10 16 23 23 31 31 9 14 
40 33 33 36 46 39 7 28 20 
20 27 16 6 1 40 32 34 30 
22 4 45 36 5 44 15 29 0 
18 35 21 42 49 4 39 22 13 
37 0 32 22 35 43 4 14 43 
18 19 25 21 14 18 35 29 2 
24 14 15 9 16 31 24 11 47 
25 10 12 31 18 24 34 23 38 
42 29 25 25 41 15 34 14 26 
8 24 32 37 23 7 34 42 14 
14 14 0 38 36 3 9 12 22 
28 1 8 24 4 39 13 27 9 
41 16 13 48 6 49 30 45 21 
38 35 12 40 20 45 32 46 35 
20 15 9 34 23 0 16 13 6 
48 21 33 7 17 47 25 47 24 
48 18 12 48 11 7 8 37 44 
42 3 15 3 16 45 32 45 4 
18 1 45 39 6 18 15 0 11 
1 7 12 27 38 1 41 25 3 
41 12 33 4 19 24 7 15 24 
11 6 23 4 12 47 20 26 26 

86 8 78
34 42 16 27 19 19 25 33 
21 34 6 22 17 11 19 26 
8 28 27 21 13 23 2 46 
23 17 0 16 22 16 6 4 
20 6 43 40 31 32 8 35 
40 3 11 10 14 23 5 13 
1 10 34 4 13 8 35 28 
42 38 16 46 44 20 39 9 
25 5 23 10 21 6 9 10 
39 31 40 41 43 0 20 43 
43 47 38 27 35 40 49 21 
6 6 17 12 39 47 26 10 
41 21 31 45 25 43 42 38 
16 44 24 0 40 37 26 37 
29 22 39 46 24 23 29 32 
6 17 33 16 6 36 41 45 
38 7 30 2 21 37 36 42 
44 31 20 10 11 40 40 43 
47 4 44 40 45 48 15 23 
0 23 45 30 32 43 40 30 
43 43 30 29 33 16 38 39 
32 40 19 14 24 44 17 42 
11 37 15 39 0 11 16 31 
16 32 43 16 15 42 30 14 
26 24 39 23 24 27 36 13 
29 14 22 14 3 20 6 29 
44 20 6 1 38 17 6 35 
47 33 33 29 7 10 30 29 
7 18 33 10 24 24 18 1 
33 40 16 3 20 36 23 48 
38 47 38 15 23 35 6 21 
1 26 28 7 22 3 29 18 
41 31 0 44 15 12 15 34 
8 38 15 18 29 8 22 48 
41 5 6 47 26 11 13 8 
32 19 37 7 15 42 3 43 
48 2 20 35 10 46 2 2 
13 6 34 19 23 21 21 16 
12 34 38 4 19 8 23 5 
21 47 14 31 6 40 8 21 
33 17 45 35 19 19 47 14 
33 21 7 8 18 29 4 16 
46 31 22 4 1 19 37 32 
10 35 17 37 42 9 39 7 
12 37 38 13 29 8 35 37 
11 32 24 3 17 13 29 9 
19 25 37 5 32 7 7 32 
24 43 43 40 9 38 25 21 
4 48 9 31 0 45 3 37 
14 3 2 14 47 0 29 28 
19 2 14 44 26 1 35 44 
12 20 40 16 12 12 24 4 
3 38 42 16 40 37 33 31 
10 21 47 22 22 12 34 30 
21 44 34 28 37 41 0 8 
47 6 24 23 11 40 23 11 
40 37 36 16 45 47 49 10 
45 40 26 15 35 22 21 15 
9 14 16 48 27 28 27 29 
49 25 22 31 44 43 14 18 
2 22 36 29 13 40 2 10 
14 33 0 22 27 30 29 10 
17 4 3 39 18 48 9 48 
42 22 27 44 35 32 45 28 
28 5 24 0 28 39 27 14 
19 46 7 39 32 0 36 24 
20 1 9 46 26 19 4 48 
3 11 43 35 40 8 46 44 
9 23 46 29 10 34 45 43 
7 44 3 42 46 26 45 21 
14 34 30 22 21 31 34 17 
49 7 20 11 39 49 9 37 
16 17 6 26 39 14 14 29 
20 22 20 0 33 6 26 6 
34 12 30 48 37 14 20 6 
1 43 22 27 12 18 26 26 
44 22 43 9 2 42 0 37 
23 4 7 47 39 21 31 43 
42 36 19 3 48 33 7 4 
46 30 24 33 5 4 48 5 
18 16 28 41 5 15 26 6 
10 6 4 9 4 15 40 17 
49 44 17 3 37 8 30 27 
24 9 5 13 40 40 22 40 
17 8 35 30 11 2 42 47 
22 29 1 16 34 1 7 45 

91 1 32
38 
38 
0 
29 
46 
7 
18 
35 
11 
5 
11 
3 
10 
28 
34 
42 
12 
48 
25 
5 
13 
6 
37 
22 
0 
11 
12 
22 
26 
33 
29 
3 
22 
28 
22 
40 
30 
18 
46 
7 
11 
42 
11 
19 
8 
48 
28 
10 
30 
24 
33 
34 
10 
29 
40 
47 
0 
27 
5 
22 
35 
30 
14 
32 
4 
37 
25 
42 
21 
22 
11 
7 
25 
13 
31 
42 
41 
17 
2 
19 
22 
40 
29 
1 
48 
29 
30 
6 
15 
33 
39 

90 6 64
8 33 45 42 8 34 
29 20 37 41 25 32 
12 41 2 12 14 9 
40 44 30 49 22 40 
19 20 27 35 14 23 
12 29 39 5 24 1 
43 4 42 20 30 38 
46 46 34 40 31 17 
41 12 21 25 15 33 
43 21 13 49 44 2 
27 7 1 15 26 25 
49 24 37 46 39 45 
10 18 44 35 0 30 
39 43 23 44 15 24 
46 3 42 41 24 5 
40 6 1 42 40 36 
23 39 26 1 43 13 
38 28 18 30 47 46 
16 8 34 38 36 43 
38 3 4 39 12 6 
27 9 43 44 25 35 
46 35 44 17 41 3 
33 8 6 42 44 14 
30 14 27 38 7 41 
26 49 41 10 15 4 
5 34 30 19 38 14 
6 44 23 47 35 15 
41 31 46 21 13 17 
36 12 45 9 21 43 
27 31 15 0 10 31 
3 25 31 32 35 43 
3 8 0 30 21 4 
12 10 32 19 46 3 
30 46 15 35 36 48 
26 43 28 5 28 14 
29 44 6 6 41 25 
11 33 22 36 2 36 
12 43 36 31 40 7 
36 35 0 25 18 9 
38 30 5 1 16 28 
41 37 20 23 38 26 
45 22 5 25 30 13 
1 8 32 34 33 26 
12 8 48 33 17 21 
25 17 29 9 14 8 
25 27 38 15 46 26 
24 37 19 41 9 21 
17 9 4 41 0 44 
19 19 6 47 10 45 
2 41 45 48 11 11 
24 16 25 37 9 49 
47 36 32 37 45 27 
38 6 48 17 26 17 
41 19 38 39 0 48 
27 46 38 30 6 18 
35 42 13 17 47 35 
48 27 41 44 41 20 
42 26 38 48 3 11 
1 28 46 6 8 23 
5 31 45 9 26 49 
28 7 11 34 12 32 
2 4 29 11 41 38 
28 2 39 2 23 19 
10 30 4 27 27 5 
16 5 39 26 29 34 
46 0 39 27 25 25 
6 20 11 13 46 26 
49 17 16 31 11 42 
26 2 44 24 40 17 
13 47 28 47 14 24 
15 6 38 30 12 35 
24 37 19 15 46 21 
38 5 30 22 29 17 
48 40 47 45 11 2 
4 31 43 0 2 11 
23 13 4 38 16 25 
25 46 46 31 46 35 
12 29 13 26 36 43 
8 0 49 44 7 12 
3 32 49 31 3 17 
20 2 34 0 33 36 
15 38 20 32 13 20 
38 11 48 26 7 47 
29 49 47 38 17 27 
29 6 34 30 34 13 
48 37 0 33 15 3 
34 8 37 0 37 25 
29 4 40 30 31 26 
1 3 35 22 14 32 
36 42 18 38 4 28 

60 2 14
7 46 
26 36 
45 48 
9 48 
30 44 
46 43 
44 33 
19 31 
40 31 
44 28 
34 21 
18 25 
38 39 
4 40 
11 19 
29 35 
40 35 
13 8 
10 14 
42 25 
8 10 
7 37 
44 32 
34 24 
14 25 
20 17 
25 13 
49 7 
12 34 
26 10 
33 38 
11 48 
35 25 
13 49 
2 3 
23 8 
11 9 
24 27 
5 41 
29 10 
28 9 
32 16 
19 0 
40 24 
21 14 
35 26 
17 34 
46 46 
13 2 
48 7 
25 36 
25 39 
14 16 
48 14 
19 1 
0 48 
5 49 
9 42 
44 24 
19 27 

15 1 12
13 
22 
5 
22 
9 
34 
7 
4 
35 
1 
13 
12 
10 
38 
38 

91 1 54
11 
33 
24 
15 
21 
19 
5 
32 
20 
20 
25 
33 
15 
7 
8 
34 
2 
40 
22 
47 
1 
26 
19 
8 
47 
29 
14 
33 
40 
34 
46 
17 
30 
2 
40 
18 
7 
34 
17 
37 
31 
34 
43 
23 
46 
16 
41 
8 
12 
1 
33 
14 
46 
43 
39 
30 
10 
11 
28 
43 
1 
36 
30 
43 
1 
16 
9 
33 
10 
45 
13 
29 
11 
20 
3 
26 
1 
28 
39 
5 
6 
23 
40 
22 
43 
49 
14 
7 
24 
44 
17 

23 5 16
32 31 24 5 6 
35 24 38 11 0 
10 12 45 39 22 
43 17 19 5 45 
2 21 34 46 12 
41 19 25 21 16 
35 0 28 41 32 
8 9 3 47 48 
23 38 22 31 27 
22 15 49 22 46 
8 13 46 36 35 
49 29 18 47 44 
47 1 35 49 32 
45 10 4 19 48 
45 37 49 41 26 
46 44 2 30 27 
44 44 46 17 23 
25 14 19 18 40 
43 23 21 41 37 
34 11 45 3 49 
21 47 46 1 44 
25 33 5 28 21 
43 24 11 15 35 

16 4 13
42 28 21 0 
41 37 10 30 
8 16 11 37 
26 3 4 17 
45 49 46 24 
49 40 1 22 
49 24 45 19 
26 15 15 14 
31 20 30 26 
26 31 37 20 
3 19 15 11 
32 5 35 18 
42 5 41 1 
4 12 48 3 
9 31 31 4 
30 45 18 1 

82 7 6
37 41 21 48 44 44 45 
1 41 37 42 42 15 33 
44 26 22 17 20 38 41 
17 7 13 29 4 18 42 
41 22 42 29 1 41 44 
21 23 42 33 15 21 42 
23 6 22 34 41 21 24 
20 2 40 7 16 11 21 
35 9 1 46 27 12 18 
15 43 47 45 42 0 45 
49 24 26 16 46 43 46 
21 12 30 26 23 5 40 
32 23 2 28 42 31 13 
33 0 38 43 6 31 37 
2 49 33 42 45 20 26 
26 9 8 17 37 3 38 
30 16 34 47 9 28 2 
26 15 29 38 0 35 24 
10 36 49 10 46 16 47 
47 33 41 32 29 21 8 
14 18 40 11 31 8 41 
38 19 38 47 39 4 22 
26 41 1 16 23 4 41 
7 23 3 41 15 27 7 
32 7 15 45 31 0 16 
49 8 45 16 25 29 18 
16 7 21 31 32 38 11 
6 14 29 16 28 39 15 
22 3 11 37 25 29 43 
46 33 27 42 23 25 24 
44 31 11 42 0 1 37 
7 28 36 22 22 13 31 
43 6 6 27 38 29 14 
45 19 28 39 22 20 43 
40 7 8 26 2 33 29 
32 43 14 20 38 9 33 
15 0 37 0 22 3 22 
29 25 45 24 47 8 31 
13 4 3 1 28 27 41 
2 12 8 30 16 23 28 
13 21 34 41 1 42 29 
29 9 40 41 46 8 28 
43 38 48 41 43 24 9 
35 25 29 36 30 8 0 
6 14 0 15 38 5 47 
2 2 17 33 17 36 43 
42 48 33 33 36 22 2 
28 27 1 45 17 45 18 
21 31 43 38 31 47 19 
9 35 39 35 42 19 17 
47 19 17 12 32 42 40 
4 37 29 5 19 20 30 
36 13 32 20 42 21 2 
31 44 37 15 4 4 2 
16 31 28 24 26 6 27 
14 31 11 1 8 24 22 
29 37 15 45 19 21 19 
7 48 16 22 11 9 4 
34 42 13 30 22 11 13 
39 19 39 15 43 29 39 
30 22 19 33 38 19 36 
9 15 35 13 18 38 7 
19 48 3 20 44 6 30 
40 10 42 3 10 40 47 
17 18 42 43 48 0 48 
12 23 44 19 35 19 13 
44 13 32 25 7 13 27 
12 24 17 43 29 49 32 
34 26 27 20 26 33 40 
8 45 29 27 48 27 18 
35 47 48 22 8 36 9 
44 33 24 40 20 40 41 
48 30 12 1 38 49 0 
48 18 1 3 19 33 19 
18 33 28 16 21 8 16 
13 20 22 21 13 2 35 
13 47 36 24 8 8 27 
1 2 35 32 38 42 5 
26 37 29 49 46 19 36 
12 46 35 16 45 2 39 
17 35 17 46 13 20 37 
18 5 33 44 34 43 34 

50 4 11
27 46 30 24 
30 42 14 43 
32 40 4 38 
42 31 5 5 
13 16 23 7 
45 40 19 10 
18 5 36 12 
13 36 25 9 
6 37 6 43 
21 1 27 14 
6 5 16 27 
25 42 7 18 
48 13 30 40 
12 43 36 27 
33 12 33 22 
24 32 21 49 
3 23 30 38 
22 14 24 3 
20 32 6 33 
46 16 11 6 
19 47 23 37 
12 40 48 15 
4 47 33 26 
42 25 46 40 
13 45 19 12 
20 10 19 28 
9 8 40 15 
9 30 39 5 
36 28 2 27 
43 10 27 42 
29 39 45 45 
5 19 15 18 
21 8 4 44 
9 31 13 22 
49 25 21 19 
48 5 2 11 
2 39 37 41 
19 32 45 9 
6 46 14 8 
5 44 27 27 
9 37 18 27 
7 9 42 29 
43 40 46 19 
41 2 34 48 
32 39 39 40 
38 42 46 15 
26 13 38 48 
45 5 35 15 
14 0 15 20 
14 25 22 28 

43 7 27
26 18 22 17 28 31 24 
9 7 36 42 26 12 45 
13 18 39 5 15 16 30 
24 39 48 14 46 26 24 
15 44 8 40 17 12 48 
38 9 48 45 33 18 14 
37 46 46 48 16 26 6 
3 28 11 34 29 37 40 
39 18 34 24 14 18 39 
38 27 27 0 35 49 9 
8 2 34 38 5 14 9 
16 13 47 25 23 48 27 
15 25 25 21 21 14 31 
38 21 32 6 0 17 7 
25 32 8 47 8 46 21 
23 34 22 32 12 44 14 
43 45 30 22 15 0 29 
35 0 44 16 43 0 26 
5 45 46 2 6 19 36 
9 41 6 40 30 21 15 
40 39 45 0 34 45 20 
34 10 37 13 25 8 42 
35 29 7 9 3 24 21 
28 48 3 18 8 34 3 
11 0 15 35 44 7 0 
42 29 27 33 38 5 46 
4 47 24 42 6 16 20 
6 37 36 14 16 32 6 
2 43 22 36 1 18 28 
4 11 25 43 2 37 42 
18 39 30 12 15 7 7 
11 10 28 27 5 46 19 
39 20 21 24 43 26 29 
27 33 28 38 17 3 48 
44 48 27 42 1 47 40 
24 7 11 32 3 40 48 
42 15 34 24 7 48 46 
14 17 26 4 29 32 13 
21 32 0 6 28 43 12 
47 42 33 47 15 40 3 
43 12 28 15 34 19 19 
24 31 14 12 40 49 12 
11 1 15 9 10 17 40 

33 7 13
45 26 41 32 26 44 20 
33 6 8 42 0 47 34 
40 1 28 6 46 10 29 
15 14 5 47 32 42 45 
6 26 41 38 13 32 23 
3 1 25 28 17 6 15 
43 5 24 27 30 14 2 
29 4 15 22 2 36 32 
25 1 35 44 2 15 21 
36 31 33 30 10 39 9 
45 11 43 25 25 10 7 
39 35 38 18 17 3 3 
35 2 40 35 24 14 41 
4 11 45 14 48 4 20 
8 1 39 49 24 41 12 
3 5 37 31 48 31 6 
48 0 45 10 6 43 45 
30 45 26 33 28 21 38 
37 49 37 7 45 46 41 
44 41 49 36 29 3 3 
2 13 29 8 12 20 38 
31 25 20 19 48 39 12 
30 36 25 3 36 16 47 
46 37 40 43 41 42 31 
45 25 23 45 29 31 36 
37 49 39 29 40 2 28 
2 10 11 20 48 38 9 
36 10 23 35 40 26 9 
7 16 33 40 3 27 14 
6 23 1 10 6 17 32 
26 17 37 15 6 2 44 
20 27 29 9 4 46 2 
10 31 13 33 7 38 11 

53 2 25
47 0 
8 40 
20 49 
34 45 
14 36 
24 43 
27 35 
1 15 
45 23 
47 39 
48 38 
22 20 
18 11 
3 38 
29 17 
8 2 
12 17 
2 44 
27 6 
9 20 
6 48 
17 39 
31 26 
38 45 
23 2 
43 1 
9 49 
36 24 
11 9 
39 15 
14 48 
47 24 
21 23 
3 22 
3 32 
33 47 
36 23 
24 45 
7 44 
6 32 
42 4 
7 0 
1 27 
40 6 
3 43 
46 10 
5 10 
47 9 
7 44 
1 14 
6 39 
31 30 
18 7 

47 2 29
17 20 
12 10 
32 43 
1 10 
0 19 
3 6 
40 5 
45 10 
1 45 
47 20 
49 40 
24 35 
35 40 
27 44 
9 25 
23 40 
32 43 
17 37 
40 11 
26 5 
12 23 
11 42 
36 12 
5 31 
16 4 
2 41 
8 14 
8 5 
48 6 
47 33 
9 22 
33 23 
46 21 
9 24 
48 31 
40 41 
29 3 
35 21 
17 8 
19 42 
16 40 
22 34 
11 47 
16 46 
44 32 
42 40 
39 15 

54 5 52
49 15 9 39 35 
32 39 33 38 43 
3 24 13 30 0 
32 11 48 47 5 
31 23 18 21 16 
44 3 22 14 13 
34 46 5 17 44 
29 37 45 15 34 
31 11 28 11 14 
35 0 41 30 42 
45 37 23 45 10 
14 45 31 46 0 
14 42 9 4 22 
39 19 6 40 39 
29 4 49 13 0 
26 29 40 25 9 
23 30 2 29 16 
23 47 26 46 15 
31 23 39 45 5 
39 9 29 12 23 
0 43 37 3 23 
24 12 25 1 48 
31 14 49 3 17 
48 16 40 24 21 
31 1 15 14 39 
38 38 44 33 7 
1 30 44 10 45 
17 44 16 41 35 
20 14 30 49 4 
42 9 11 40 28 
23 32 31 5 43 
47 22 0 38 38 
21 2 48 23 36 
3 41 21 41 30 
4 22 4 31 48 
37 1 39 6 35 
26 30 34 15 12 
7 15 10 39 23 
25 19 49 48 17 
45 43 27 22 43 
19 45 26 28 23 
12 41 33 38 5 
30 20 44 17 15 
3 18 11 29 22 
10 23 0 6 47 
11 14 18 13 5 
36 17 1 4 22 
8 47 46 3 42 
20 18 27 34 3 
22 2 45 2 29 
34 41 48 33 16 
44 22 7 31 10 
43 40 32 38 28 
2 42 30 40 15 

82 2 37
2 40 
25 39 
46 23 
1 7 
41 39 
29 25 
28 35 
35 16 
20 38 
27 4 
24 15 
45 12 
25 25 
36 18 
38 21 
48 41 
4 30 
29 35 
6 3 
0 38 
10 18 
35 37 
26 11 
24 27 
24 46 
32 16 
30 31 
18 42 
0 27 
49 17 
0 34 
30 46 
10 31 
19 47 
7 10 
49 24 
38 7 
21 21 
1 42 
34 22 
2 9 
35 29 
11 29 
46 2 
7 34 
11 15 
26 11 
47 36 
31 5 
48 7 
47 13 
49 26 
15 12 
35 43 
39 6 
38 37 
20 1 
22 3 
25 9 
6 31 
32 35 
6 4 
19 30 
14 28 
6 0 
14 25 
39 23 
19 35 
15 16 
15 18 
37 43 
22 49 
4 27 
8 34 
7 19 
23 49 
0 4 
17 44 
21 6 
31 47 
26 27 
39 17 

97 5 92
8 44 28 22 40 
20 26 17 30 49 
20 5 42 41 15 
30 41 1 32 8 
4 45 34 22 24 
38 15 27 33 6 
42 17 6 7 42 
26 41 6 0 46 
48 24 14 40 9 
5 19 17 23 18 
14 5 6 42 10 
7 4 16 28 0 
23 32 28 22 20 
14 44 37 8 9 
21 29 34 9 47 
29 6 30 13 32 
49 26 39 48 7 
21 4 36 28 41 
44 5 36 30 39 
35 33 27 9 32 
29 12 49 1 22 
11 3 2 40 27 
8 6 36 45 38 
36 5 13 15 7 
44 39 28 22 14 
21 14 13 37 4 
17 25 19 47 40 
42 20 10 23 21 
43 30 5 48 25 
37 34 48 29 35 
17 6 21 40 35 
49 30 1 41 29 
31 40 46 40 40 
39 42 21 41 18 
14 14 12 17 39 
7 19 35 43 49 
13 3 13 17 33 
2 29 47 48 2 
10 23 13 3 40 
28 27 45 1 45 
18 27 30 12 48 
6 2 46 5 3 
47 41 4 42 0 
10 47 43 22 44 
42 25 16 32 30 
4 11 25 40 35 
16 25 46 20 22 
22 19 44 16 1 
48 19 28 29 11 
43 0 11 23 32 
24 31 43 8 42 
0 44 30 41 13 
41 0 40 14 34 
33 6 16 32 16 
20 29 27 13 18 
36 8 19 22 28 
26 15 32 20 23 
21 16 12 4 9 
44 21 34 35 45 
32 42 48 12 27 
3 20 6 13 36 
7 13 46 17 1 
10 15 0 14 7 
37 33 1 40 25 
29 19 17 33 27 
41 47 28 35 23 
15 36 0 20 33 
43 31 19 23 29 
20 3 47 18 5 
46 11 4 14 35 
38 13 36 47 3 
29 24 17 1 33 
23 30 7 10 43 
32 32 6 41 18 
43 4 11 10 30 
15 10 48 12 17 
0 23 16 0 17 
49 43 29 19 34 
46 3 3 32 28 
9 12 33 35 7 
20 44 13 34 22 
27 5 20 48 6 
13 3 23 15 30 
28 12 31 34 38 
30 46 15 32 43 
43 13 29 5 20 
5 42 29 25 9 
1 35 27 28 28 
38 25 1 29 39 
14 25 43 1 9 
41 26 35 38 18 
23 36 31 23 2 
40 5 24 5 36 
7 44 25 41 39 
26 11 9 31 0 
41 12 44 40 28 
24 31 46 15 5 

44 6 43
22 44 18 5 17 0 
2 45 14 48 22 2 
47 39 38 9 48 12 
24 47 16 9 11 2 
12 13 17 0 17 44 
33 17 32 16 42 14 
32 0 38 24 49 1 
17 42 15 46 18 29 
42 2 3 49 3 5 
0 4 34 20 5 35 
37 46 43 28 24 39 
10 15 41 9 27 42 
44 24 6 25 36 43 
3 38 1 46 34 47 
26 43 6 22 9 26 
7 48 24 1 11 2 
13 26 11 11 18 48 
14 37 46 37 22 9 
19 23 40 3 15 14 
42 48 38 27 34 19 
0 39 23 8 0 38 
11 36 6 31 5 40 
25 6 5 49 4 32 
8 47 6 19 45 44 
13 42 19 2 5 30 
45 34 4 7 23 39 
46 34 32 35 30 16 
32 45 36 47 46 9 
4 5 49 15 4 31 
6 6 35 24 25 2 
10 25 27 22 23 22 
38 33 16 18 25 23 
14 27 32 36 47 44 
13 35 42 30 5 4 
23 48 32 26 0 24 
1 36 16 27 36 7 
4 17 38 5 21 41 
12 45 19 2 18 16 
9 0 28 3 14 44 
12 2 35 39 26 4 
26 47 31 24 45 26 
9 39 39 22 27 41 
35 4 42 28 6 4 
43 8 40 34 7 38 

28 6 5
17 16 9 20 3 8 
41 31 44 6 47 3 
2 31 33 8 9 22 
37 0 43 26 45 7 
23 11 33 27 17 5 
25 31 23 22 31 38 
34 0 29 40 12 13 
32 48 47 42 20 46 
40 26 9 24 40 28 
47 26 3 17 12 34 
0 30 44 16 38 1 
8 49 2 29 36 15 
26 42 3 33 46 33 
29 21 26 1 29 21 
35 45 30 42 38 6 
3 49 8 8 40 39 
7 33 48 18 39 0 
13 46 22 30 18 4 
43 3 30 41 13 33 
18 37 16 4 30 24 
13 15 9 29 6 6 
4 44 39 6 16 0 
41 22 37 43 19 1 
35 39 21 19 14 5 
26 6 31 40 11 9 
31 37 38 45 12 0 
11 11 18 28 46 30 
11 3 11 40 46 45 

83 7 5
2 7 24 25 5 5 32 
10 34 15 43 36 45 43 
2 6 39 3 33 0 10 
20 19 16 29 39 37 37 
34 25 45 36 45 7 11 
45 44 30 45 20 1 29 
4 3 43 11 30 9 18 
29 35 42 42 27 27 6 
13 47 34 18 37 10 40 
29 14 22 23 19 46 43 
21 18 29 5 3 16 41 
33 43 20 11 2 12 16 
14 49 46 13 44 19 18 
29 35 10 11 3 6 45 
47 34 17 21 22 17 3 
30 44 27 41 2 29 4 
10 38 19 31 41 47 4 
20 45 32 6 33 44 10 
41 17 2 31 12 20 46 
36 1 24 46 22 20 24 
42 9 25 42 41 32 20 
5 47 30 28 14 10 1 
5 1 6 46 30 36 23 
11 8 34 34 22 38 23 
12 44 48 26 26 1 22 
45 10 45 20 35 16 24 
16 46 29 7 44 37 23 
31 23 18 17 27 18 40 
41 34 36 39 29 37 5 
7 26 27 6 42 28 15 
21 28 7 8 15 11 7 
28 5 42 28 4 40 16 
0 3 40 32 5 40 46 
31 14 40 2 41 32 12 
48 28 38 19 24 43 37 
23 2 8 5 27 31 10 
9 32 25 9 35 32 29 
11 1 44 10 34 10 6 
34 20 8 44 13 29 3 
34 34 34 14 42 25 23 
3 33 24 18 16 5 18 
26 23 26 14 45 1 11 
23 25 8 45 0 14 29 
9 7 36 41 28 24 4 
42 13 15 33 31 18 31 
12 17 7 30 34 24 13 
35 33 43 25 18 33 44 
11 35 32 48 43 21 48 
4 2 5 15 34 6 37 
25 46 33 14 9 12 44 
33 13 42 27 29 0 38 
16 11 23 28 23 36 40 
43 48 45 4 19 33 1 
8 2 7 5 2 1 41 
48 10 3 47 24 10 44 
35 6 12 31 15 42 25 
49 24 0 20 10 25 17 
45 34 40 17 22 27 45 
15 3 8 35 26 45 9 
22 46 20 29 40 28 3 
22 12 3 3 8 21 28 
34 14 32 32 29 38 15 
29 33 34 40 21 44 32 
35 25 46 30 47 13 44 
1 11 12 28 21 5 16 
37 29 27 30 2 45 17 
4 43 16 27 24 38 46 
10 39 0 44 49 29 26 
36 39 31 31 33 44 41 
35 13 12 11 18 45 22 
17 47 36 47 18 30 44 
39 33 4 12 40 21 22 
40 11 28 30 23 34 42 
49 22 14 12 2 26 2 
36 8 26 11 45 45 29 
32 0 45 17 3 35 19 
5 34 47 19 24 8 49 
40 42 46 13 31 12 46 
24 5 36 1 33 0 16 
19 25 10 4 17 30 15 
45 2 12 7 28 26 8 
40 15 6 37 47 48 8 
35 46 31 18 12 38 40 

82 1 54
15 
16 
47 
44 
14 
0 
8 
23 
24 
39 
45 
44 
18 
39 
49 
27 
12 
23 
8 
42 
9 
22 
15 
21 
16 
1 
21 
21 
15 
37 
48 
44 
29 
37 
38 
31 
23 
47 
16 
13 
43 
24 
33 
28 
40 
11 
44 
5 
23 
10 
44 
15 
42 
32 
6 
5 
44 
26 
22 
13 
33 
1 
46 
32 
0 
37 
46 
39 
48 
6 
46 
44 
11 
28 
13 
26 
22 
32 
36 
31 
19 
22 

32 8 6
47 48 0 45 29 32 12 26 
33 40 46 20 32 31 10 24 
17 13 33 49 20 21 46 13 
25 30 26 47 46 11 24 26 
3 11 5 30 33 45 0 47 
14 13 36 17 19 4 13 1 
47 35 46 27 12 31 48 49 
6 10 17 11 24 12 9 26 
4 9 19 49 1 2 33 41 
0 37 1 17 47 17 6 11 
47 3 19 35 21 28 39 34 
33 41 24 19 19 7 13 46 
26 33 19 22 37 5 29 6 
41 42 12 3 20 44 7 0 
45 9 31 31 8 43 43 33 
40 43 46 38 8 11 31 20 
32 41 22 21 42 11 49 10 
42 7 23 21 25 15 35 43 
7 25 16 29 19 1 9 29 
42 24 28 39 25 34 35 28 
2 16 1 6 25 2 27 4 
23 20 29 42 25 2 26 37 
31 32 13 23 15 13 48 44 
35 16 17 16 13 33 20 13 
40 38 25 13 34 43 27 40 
24 10 24 37 0 8 17 48 
19 46 13 42 5 27 6 8 
39 15 6 24 19 40 14 27 
25 20 26 16 10 36 23 36 
6 49 45 44 11 27 28 40 
28 16 42 44 5 33 17 24 
43 45 42 26 36 38 45 16 

32 1 10
11 
44 
37 
47 
37 
49 
33 
46 
37 
25 
43 
31 
1 
36 
47 
37 
32 
0 
24 
34 
4 
25 
10 
21 
10 
2 
20 
27 
15 
48 
36 
17 

69 5 24
0 45 45 10 13 
13 4 49 8 38 
8 39 24 31 7 
13 2 2 19 16 
32 26 43 19 12 
19 27 26 4 26 
9 46 48 16 45 
10 15 17 43 22 
2 0 16 24 15 
13 15 5 1 37 
40 3 4 25 18 
0 47 10 10 6 
9 7 41 40 20 
44 33 17 30 21 
37 3 25 5 10 
18 24 45 29 16 
34 46 28 25 46 
30 3 22 46 32 
49 36 20 32 32 
12 37 19 21 34 
17 24 46 16 26 
16 35 47 47 35 
3 9 40 39 43 
42 33 7 6 28 
37 32 15 18 1 
48 44 29 10 41 
19 3 20 31 33 
36 42 23 13 3 
9 0 15 24 33 
10 22 30 49 30 
27 49 8 44 18 
38 30 5 40 39 
6 47 26 49 7 
2 7 28 26 0 
26 32 32 29 46 
24 44 36 39 31 
19 16 31 14 27 
10 42 8 39 5 
31 6 19 23 24 
6 45 49 27 37 
34 36 34 38 17 
15 31 39 16 9 
28 28 44 18 13 
14 11 43 42 42 
39 13 19 5 2 
15 31 42 12 37 
24 37 17 7 24 
29 31 3 29 4 
13 1 25 13 25 
16 12 2 32 4 
4 22 42 36 11 
46 13 11 30 30 
35 33 34 24 13 
28 28 18 39 25 
13 34 27 31 43 
31 1 25 26 14 
12 43 30 48 39 
39 30 1 34 44 
13 8 28 23 33 
47 26 31 30 22 
18 17 19 16 4 
6 34 7 19 12 
22 43 49 4 21 
40 23 18 32 15 
10 21 10 47 8 
10 42 11 38 24 
47 29 10 43 25 
27 18 8 44 11 
9 5 9 49 45 

20 5 20
35 1 26 24 13 
38 14 12 40 41 
8 43 31 46 23 
38 46 8 38 16 
8 7 24 4 12 
21 41 37 8 17 
14 23 32 29 9 
33 14 44 9 45 
28 12 8 6 45 
28 30 31 9 10 
17 8 16 38 18 
9 41 20 37 37 
3 0 46 31 4 
43 48 34 32 19 
43 36 37 49 13 
9 11 18 12 19 
48 26 31 46 34 
23 31 32 5 14 
32 24 34 35 47 
6 48 3 19 23 

42 7 6
47 2 21 19 11 13 2 
40 20 26 28 23 25 18 
29 41 47 21 43 6 5 
29 26 22 34 31 33 7 
35 33 23 21 16 18 31 
30 28 9 31 11 9 19 
45 17 25 44 26 34 32 
31 25 26 9 34 8 46 
14 46 25 3 6 19 2 
1 27 14 29 17 44 12 
31 10 40 46 34 0 7 
33 6 32 19 14 12 15 
10 33 30 33 15 8 29 
15 46 9 46 3 4 31 
11 20 12 7 17 19 9 
40 25 23 9 25 22 43 
44 39 17 10 30 25 34 
23 45 27 3 31 28 45 
43 18 23 48 2 39 4 
18 25 24 24 32 7 28 
10 16 27 10 25 29 9 
25 30 10 18 40 38 26 
48 36 5 7 28 38 48 
41 41 46 23 6 47 27 
23 39 40 20 24 48 1 
34 11 11 12 49 49 0 
7 8 2 2 3 34 20 
29 49 13 21 35 27 12 
37 21 16 23 8 33 15 
40 18 11 8 25 33 23 
42 15 7 25 13 36 35 
12 14 39 22 35 32 34 
8 15 18 42 47 42 1 
15 49 29 24 24 40 0 
43 7 29 12 33 45 8 
29 28 13 49 41 37 47 
9 24 6 27 30 17 36 
19 13 7 20 24 28 8 
5 1 24 29 20 32 48 
31 1 24 39 6 35 23 
14 48 47 32 12 8 28 
30 27 2 12 17 20 33 

1 6 1
9 20 6 35 44 48 

14 5 8
10 32 29 5 31 
26 19 41 31 4 
43 37 44 34 0 
13 43 19 11 7 
25 47 44 39 18 
49 37 15 41 2 
38 1 11 22 19 
8 26 2 33 27 
40 43 7 25 18 
43 17 37 10 8 
35 13 8 35 18 
25 44 23 44 8 
15 34 8 7 47 
9 3 15 16 3 

14 7 13
21 37 12 46 13 35 9 
37 44 37 5 18 48 9 
32 9 7 3 39 25 27 
39 40 14 34 10 37 2 
35 27 44 15 9 30 33 
39 9 0 10 6 42 0 
8 40 21 14 34 22 7 
45 15 45 29 23 47 4 
10 22 11 8 47 13 43 
42 5 24 16 30 29 14 
43 30 31 29 43 49 41 
23 18 31 0 34 0 26 
40 48 31 48 31 34 25 
46 20 10 30 34 1 26 

5 9 3
27 38 31 29 1 6 13 1 13 
47 21 9 32 16 45 26 6 33 
37 22 34 10 10 10 25 0 23 
18 17 34 36 32 41 20 4 49 
41 16 42 38 26 27 30 39 0 

26 3 2
49 6 0 
39 37 36 
38 7 26 
30 28 39 
6 1 16 
34 38 14 
14 42 7 
47 49 21 
25 23 11 
24 26 31 
17 10 49 
9 5 17 
46 33 34 
3 7 43 
37 10 36 
27 24 9 
38 39 11 
19 29 12 
22 3 29 
4 13 16 
36 45 42 
40 40 24 
16 37 4 
18 28 49 
28 42 26 
24 16 44 

52 4 6
42 38 30 46 
11 39 31 6 
33 26 5 31 
9 16 23 38 
30 34 3 18 
41 32 31 7 
25 31 46 3 
14 44 9 23 
11 1 1 18 
13 3 25 26 
7 15 4 11 
49 26 15 39 
32 28 8 41 
33 32 17 48 
31 18 45 36 
43 46 28 42 
21 27 38 27 
5 35 5 3 
25 42 9 13 
49 28 20 13 
26 6 25 30 
37 0 18 49 
12 3 38 40 
1 3 27 26 
21 0 40 49 
23 1 34 5 
12 28 46 3 
13 14 44 20 
21 35 9 26 
30 46 6 8 
42 8 33 44 
25 24 33 21 
10 23 29 19 
7 23 34 42 
18 26 44 26 
32 8 20 20 
4 39 42 48 
33 39 13 23 
39 15 32 33 
30 17 48 40 
29 7 33 25 
38 34 49 36 
26 9 12 2 
28 9 32 2 
2 4 33 5 
6 47 25 16 
36 42 38 34 
2 26 28 41 
20 48 37 21 
34 34 6 10 
41 24 37 30 
17 20 17 4 

11 2 11
38 32 
32 9 
9 17 
30 10 
14 44 
46 0 
13 36 
9 0 
46 45 
12 31 
9 20 

89 4 30
31 7 37 15 
35 37 26 21 
49 39 38 40 
34 49 3 49 
11 4 30 44 
19 14 19 13 
11 27 32 49 
48 0 7 32 
44 3 18 21 
36 37 35 29 
7 25 3 2 
16 46 14 48 
1 24 34 29 
29 39 24 11 
36 26 2 35 
11 29 46 40 
49 10 29 5 
41 35 7 44 
24 40 16 43 
26 40 35 21 
23 12 43 0 
44 3 18 31 
14 44 7 16 
44 39 4 22 
8 0 36 13 
29 14 12 9 
17 36 0 42 
46 17 18 33 
24 22 1 19 
18 23 46 34 
11 42 13 16 
32 30 23 47 
43 10 9 31 
3 41 15 10 
48 41 20 25 
34 15 40 48 
6 39 26 42 
32 4 6 21 
20 11 9 22 
6 5 7 10 
48 24 38 5 
4 6 17 32 
18 6 4 27 
12 11 21 23 
37 46 49 12 
44 12 35 33 
19 26 45 30 
29 14 2 16 
33 29 4 41 
47 37 6 36 
42 18 14 34 
47 4 9 45 
7 5 18 12 
1 13 12 33 
12 14 21 46 
1 42 43 23 
24 31 17 35 
18 22 35 21 
31 33 33 21 
26 46 6 45 
30 30 31 40 
8 3 2 5 
48 17 12 16 
3 34 23 48 
11 28 7 49 
20 6 25 34 
38 25 22 33 
15 28 7 35 
39 15 28 18 
15 2 39 20 
14 28 22 46 
28 36 13 13 
47 11 23 43 
14 36 47 48 
5 5 42 36 
34 35 1 47 
32 7 26 47 
49 0 44 42 
40 19 17 30 
49 1 27 17 
38 11 45 29 
1 5 25 46 
49 21 32 34 
15 35 11 0 
45 35 37 10 
35 46 28 44 
15 26 27 20 
49 45 26 38 
34 22 1 19 

70 2 58
23 42 
1 15 
9 1 
40 11 
43 48 
33 17 
19 40 
4 41 
48 41 
2 41 
16 8 
21 15 
11 42 
20 47 
27 1 
1 17 
38 8 
39 12 
49 3 
27 26 
38 6 
20 13 
9 9 
7 43 
1 38 
18 7 
28 23 
43 48 
44 43 
20 0 
12 5 
48 40 
44 37 
47 13 
23 11 
41 9 
37 7 
24 49 
25 45 
8 21 
10 3 
18 33 
32 31 
33 42 
10 43 
16 37 
24 43 
23 12 
4 8 
3 40 
38 9 
18 6 
23 24 
9 33 
9 3 
43 1 
6 32 
42 48 
26 3 
17 26 
19 23 
12 40 
14 42 
27 49 
9 41 
4 38 
48 38 
27 40 
45 24 
6 26 

87 5 5
29 43 16 33 4 
44 12 30 0 8 
7 41 23 12 3 
19 44 44 22 2 
7 33 26 40 40 
4 16 35 32 34 
4 16 49 43 12 
35 43 16 48 41 
5 46 16 12 38 
41 26 44 44 45 
7 41 2 39 12 
19 38 34 15 35 
29 25 13 30 19 
47 9 8 4 31 
26 25 32 18 8 
23 17 5 44 34 
44 35 12 39 15 
29 21 26 5 48 
15 44 46 12 39 
25 11 16 38 37 
41 7 40 49 21 
39 36 18 4 32 
24 25 11 46 42 
47 24 11 11 5 
6 22 47 18 15 
17 22 17 49 19 
37 11 42 49 38 
31 1 8 15 22 
8 26 47 43 33 
33 21 34 0 14 
1 42 12 33 41 
24 24 9 49 38 
33 35 19 46 2 
35 24 30 43 20 
41 40 0 19 16 
32 32 20 25 32 
27 46 16 33 5 
7 23 1 46 14 
48 15 49 38 40 
28 35 18 14 22 
22 41 12 8 42 
41 20 48 19 28 
16 46 7 42 41 
40 46 45 23 5 
21 18 31 7 20 
42 22 42 19 12 
7 26 6 23 29 
12 46 40 48 6 
10 2 30 6 46 
8 15 11 10 24 
0 24 3 1 28 
41 41 46 7 38 
4 5 45 33 6 
37 22 22 22 26 
40 48 19 13 1 
0 42 44 41 21 
43 39 2 15 19 
33 36 15 44 14 
46 18 7 3 11 
5 13 7 9 37 
9 43 3 39 30 
42 21 21 10 16 
38 38 26 49 15 
32 9 6 19 33 
22 13 13 12 40 
35 6 29 19 37 
48 40 27 29 4 
6 32 16 37 35 
33 12 16 9 37 
49 27 0 35 10 
40 15 11 13 22 
30 49 6 1 33 
43 22 5 21 44 
18 33 11 2 22 
1 13 25 36 36 
25 21 48 12 3 
9 20 21 44 26 
49 7 7 43 7 
39 2 47 28 22 
6 31 8 39 35 
29 49 25 1 28 
48 35 42 21 37 
25 3 43 4 10 
23 40 25 42 6 
0 17 18 21 40 
8 49 7 48 23 
45 23 47 28 28 

52 8 5
44 46 8 41 43 33 20 47 
1 33 24 30 22 34 47 22 
33 5 35 47 21 21 29 10 
24 49 9 6 7 38 49 18 
30 18 23 26 32 14 41 15 
11 4 10 33 38 10 16 16 
31 21 33 36 18 15 26 5 
11 3 20 0 2 5 48 30 
25 41 12 30 33 46 32 7 
0 20 3 45 44 38 35 27 
46 27 27 28 42 45 6 49 
29 28 12 44 16 4 25 29 
12 12 39 18 29 27 39 5 
43 1 14 14 49 40 34 18 
37 5 11 20 1 13 23 30 
37 32 14 13 41 37 24 43 
18 39 25 40 4 46 30 38 
29 13 3 44 38 37 49 20 
2 45 26 23 43 16 31 5 
11 30 43 1 6 11 4 49 
15 0 30 8 7 3 23 9 
11 8 27 14 9 9 25 33 
48 26 7 46 9 33 17 2 
38 17 15 13 41 4 11 15 
12 34 44 12 3 0 35 42 
11 39 15 11 47 26 26 16 
37 28 12 32 37 38 39 21 
35 43 23 7 39 43 10 18 
19 44 35 25 22 12 9 22 
4 7 37 49 5 19 47 39 
5 26 5 4 19 15 24 2 
39 33 16 20 47 11 11 14 
47 32 6 37 6 28 43 16 
35 36 46 36 47 36 28 26 
23 24 25 1 21 6 16 29 
31 23 24 29 19 13 40 42 
30 48 42 16 39 24 19 4 
31 22 35 5 23 19 19 14 
3 27 0 40 10 42 5 28 
19 32 20 41 21 15 47 7 
32 12 44 17 31 0 29 6 
33 16 44 15 9 21 1 49 
44 26 8 16 36 22 43 31 
0 11 5 41 14 1 0 23 
30 16 26 25 3 13 29 32 
28 31 32 35 41 45 8 48 
24 3 25 17 24 12 18 34 
41 8 18 44 39 5 32 28 
22 38 11 7 3 4 26 20 
9 34 26 45 48 38 44 37 
31 35 20 34 17 10 13 39 
47 49 21 15 20 47 12 40 

5 3 3
38 17 34 
14 23 18 
1 9 12 
2 25 23 
36 30 10 

81 4 3
9 39 20 23 
29 6 49 40 
8 16 17 47 
46 43 29 47 
14 3 18 36 
20 39 44 39 
15 32 41 29 
7 46 3 38 
44 6 31 1 
27 25 7 0 
2 31 37 27 
45 39 43 44 
47 12 15 42 
14 13 11 21 
17 27 14 35 
22 32 36 37 
33 30 49 38 
27 5 24 42 
42 20 30 22 
32 21 19 36 
43 17 37 16 
30 14 36 3 
0 10 14 0 
35 41 13 30 
40 15 28 39 
24 16 15 29 
2 34 42 16 
16 35 4 44 
22 4 24 41 
32 46 31 49 
7 12 41 9 
40 30 19 29 
1 45 25 11 
11 44 5 29 
6 19 45 6 
18 6 20 47 
30 10 5 5 
46 48 30 0 
45 41 32 11 
28 15 45 6 
9 9 16 19 
26 6 7 47 
43 5 32 11 
41 43 38 2 
37 3 44 24 
3 15 8 41 
16 21 47 36 
0 27 36 33 
15 23 30 45 
19 11 21 24 
49 48 44 28 
15 18 16 38 
11 35 4 32 
2 31 34 29 
3 33 18 17 
15 45 43 47 
31 32 41 34 
39 40 40 45 
35 49 9 0 
14 34 15 9 
4 5 25 13 
47 9 17 1 
20 15 45 37 
14 26 45 6 
21 26 17 49 
17 2 24 12 
30 9 46 26 
1 12 29 34 
43 47 43 12 
21 6 18 7 
19 7 47 27 
41 42 47 11 
20 31 22 15 
39 3 17 34 
46 1 13 32 
27 32 21 1 
0 1 0 35 
31 26 42 24 
45 12 6 4 
47 35 12 29 
6 35 34 25 

22 9 11
35 37 49 12 47 26 19 43 26 
43 36 6 43 47 20 44 40 4 
40 27 5 12 37 27 37 33 46 
13 18 10 3 29 3 25 22 8 
32 11 46 19 7 9 8 41 7 
38 9 20 15 41 23 39 49 33 
29 43 0 39 31 37 33 27 22 
20 36 41 45 11 10 8 46 28 
23 44 37 5 34 20 9 5 23 
9 21 46 10 3 27 48 32 10 
1 38 44 13 47 46 20 34 30 
24 4 3 7 40 32 36 6 12 
37 15 19 27 11 19 35 44 13 
32 35 11 38 42 16 40 0 4 
21 38 44 2 13 47 30 10 2 
29 42 49 13 38 32 39 30 33 
45 16 20 23 35 33 24 30 48 
1 24 29 4 2 18 27 10 41 
12 20 37 21 4 30 15 17 38 
45 36 16 33 1 20 45 1 29 
38 12 11 24 12 49 3 1 6 
41 47 4 24 13 3 41 10 16 

49 9 25
14 23 25 24 38 8 12 5 40 
2 28 5 42 29 41 45 36 11 
42 23 23 17 32 38 27 47 44 
22 5 12 7 47 11 28 18 5 
28 42 6 15 1 7 20 6 44 
0 12 9 0 37 48 24 30 42 
30 0 8 0 41 40 32 48 49 
5 40 22 42 42 49 2 6 47 
0 38 7 5 49 23 20 49 27 
23 19 12 45 5 16 47 2 27 
34 39 11 47 23 49 45 10 10 
11 31 30 18 5 7 36 7 29 
48 45 22 48 38 42 48 32 28 
19 0 23 41 30 34 9 29 12 
21 1 13 26 36 35 40 29 7 
48 32 42 29 45 11 44 4 28 
15 26 21 9 34 32 7 36 34 
7 41 41 26 14 15 11 12 6 
5 6 9 41 30 6 1 19 38 
13 16 17 38 21 20 13 37 16 
20 29 43 20 20 47 14 32 33 
23 20 1 26 22 26 0 7 49 
28 33 1 46 38 9 35 11 33 
32 42 2 21 29 30 5 32 11 
49 16 9 25 1 0 38 3 48 
40 19 21 31 40 0 24 38 7 
36 39 33 49 2 21 38 7 39 
15 0 0 21 41 15 6 36 35 
38 6 6 48 7 9 37 33 39 
17 33 29 34 24 26 11 20 37 
33 44 20 32 9 21 21 29 24 
33 34 21 24 38 24 36 26 38 
17 0 27 15 35 47 34 15 0 
5 11 29 25 36 0 29 8 43 
9 6 18 17 42 31 7 24 7 
9 6 2 10 31 2 41 45 31 
22 44 5 17 48 38 47 2 6 
6 8 46 42 21 14 41 49 16 
8 11 47 5 18 17 39 19 21 
0 47 6 15 48 35 31 18 32 
18 31 9 13 10 4 8 49 15 
30 21 16 23 5 5 49 22 42 
2 25 33 9 21 4 25 33 25 
21 46 15 42 7 16 30 33 10 
34 27 49 45 12 4 37 46 23 
45 38 5 16 18 43 36 43 43 
44 41 44 10 39 40 28 14 13 
20 2 2 1 24 12 37 11 18 
21 32 45 28 49 28 36 16 16 

42 3 9
4 10 21 
6 30 34 
20 34 31 
42 9 0 
26 3 29 
24 9 38 
3 7 36 
4 41 37 
37 37 28 
10 13 27 
0 48 18 
10 49 31 
16 41 45 
38 30 36 
17 37 41 
32 49 30 
47 6 19 
35 46 24 
11 26 30 
41 27 19 
25 7 42 
9 29 43 
41 42 32 
9 16 11 
2 46 7 
11 9 39 
15 0 45 
25 46 13 
28 10 1 
23 17 1 
34 29 26 
45 41 24 
18 23 34 
26 46 27 
9 36 14 
40 44 8 
14 44 29 
17 3 25 
16 31 0 
39 6 27 
46 18 34 
18 24 27 

70 8 29
4 24 39 45 39 34 4 35 
28 3 44 30 43 45 23 9 
2 36 25 28 6 41 45 2 
34 22 28 16 0 17 19 21 
20 6 3 38 11 24 26 7 
19 45 40 6 38 13 30 3 
24 45 29 26 37 10 42 36 
33 38 32 7 12 22 20 22 
33 46 4 31 18 33 46 22 
42 17 42 43 46 28 44 34 
7 8 9 29 20 46 13 26 
36 40 38 3 37 6 31 43 
13 11 40 32 48 19 31 4 
14 20 46 43 32 24 48 13 
7 26 35 16 37 31 36 2 
6 29 26 18 37 20 26 6 
2 18 47 25 35 27 42 38 
33 25 34 45 24 36 16 33 
18 48 23 15 48 17 48 25 
38 41 31 7 23 45 35 9 
19 48 37 21 6 23 46 6 
32 21 36 45 0 40 35 29 
4 35 18 40 7 4 23 2 
13 37 12 8 41 15 20 42 
26 33 15 45 1 14 12 25 
34 33 15 31 16 20 46 37 
5 28 16 28 11 24 5 37 
41 28 5 9 15 23 36 43 
43 8 13 27 26 10 42 44 
34 22 3 26 40 21 48 12 
22 32 47 13 23 48 42 35 
8 32 21 39 18 17 31 44 
21 28 41 42 0 9 41 33 
30 49 16 44 31 3 20 2 
28 38 5 19 1 24 44 37 
21 18 28 13 40 39 16 21 
29 2 8 4 5 35 16 40 
24 17 2 24 39 0 16 46 
47 17 20 13 31 3 26 49 
1 44 24 15 39 8 16 46 
39 9 10 1 37 10 13 38 
30 31 7 17 37 46 19 7 
30 3 35 38 25 48 8 11 
37 11 48 31 44 24 1 26 
12 2 4 44 33 46 43 28 
4 49 19 29 17 20 12 47 
35 41 40 30 28 13 9 10 
14 34 26 16 25 36 44 41 
3 5 25 49 21 3 40 2 
11 32 45 12 35 29 20 27 
33 39 27 23 24 33 34 25 
22 16 17 25 42 24 13 36 
7 24 47 42 39 13 45 11 
42 38 3 30 12 7 16 49 
35 22 26 46 11 16 13 24 
34 34 20 0 34 46 30 0 
26 7 44 36 35 43 48 18 
5 22 49 14 32 2 44 28 
20 44 27 6 34 40 3 3 
11 47 18 11 45 44 32 1 
23 48 47 34 15 3 2 23 
5 40 22 30 1 32 9 43 
3 46 42 13 19 21 44 45 
33 46 2 13 7 27 34 16 
7 34 34 18 44 48 4 40 
22 21 27 4 41 19 30 47 
10 34 22 23 32 17 24 45 
47 37 26 34 33 5 40 49 
36 30 27 40 37 32 8 14 
3 40 26 4 14 6 16 27 

30 7 12
5 17 25 35 11 2 9 
39 16 37 37 27 14 27 
17 26 17 46 47 21 8 
21 32 22 32 21 36 4 
27 7 7 15 5 33 35 
19 18 48 48 1 40 5 
15 4 47 19 49 47 20 
5 24 22 26 39 0 13 
4 23 27 15 29 27 8 
15 33 10 4 27 31 8 
19 32 16 42 23 14 22 
29 33 42 25 44 3 48 
7 44 47 17 15 4 8 
27 9 6 2 12 6 0 
25 13 44 33 8 20 28 
30 5 40 25 47 31 21 
48 43 31 22 12 32 16 
30 35 40 39 13 26 37 
22 26 7 48 8 40 48 
35 24 42 22 1 10 25 
49 39 12 23 41 29 31 
14 9 21 18 5 30 19 
5 46 44 12 29 24 20 
16 34 9 31 15 9 6 
44 25 22 31 19 4 34 
24 39 21 25 41 28 0 
36 10 25 21 48 27 46 
18 32 24 39 21 32 21 
41 16 20 33 8 10 0 
13 29 2 44 40 47 27 

61 3 16
24 35 15 
35 33 3 
13 22 20 
25 35 38 
23 6 1 
20 48 5 
30 19 25 
35 2 15 
7 45 32 
47 21 29 
4 40 44 
10 44 46 
41 30 34 
11 38 16 
49 18 34 
32 47 34 
22 15 20 
33 35 1 
23 33 1 
20 47 23 
49 23 12 
36 5 10 
15 0 3 
13 7 42 
18 42 27 
38 18 48 
14 1 45 
43 16 28 
38 7 31 
17 41 35 
9 24 35 
41 33 30 
15 24 49 
45 36 2 
31 11 41 
38 4 42 
31 18 45 
0 45 8 
36 33 44 
30 5 27 
12 8 3 
48 28 37 
48 37 15 
44 8 34 
46 47 35 
31 33 27 
12 14 20 
35 9 32 
9 31 13 
46 43 30 
33 22 5 
38 5 39 
10 6 7 
28 22 13 
8 38 34 
2 8 30 
20 37 21 
29 44 2 
23 5 14 
25 23 11 
49 21 16 

97 7 28
10 34 35 21 17 40 20 
28 9 5 16 25 28 25 
10 1 43 43 37 7 35 
29 13 49 30 5 13 16 
3 4 26 18 38 4 22 
36 39 3 22 36 25 31 
32 10 30 34 37 48 38 
6 40 15 2 42 18 18 
46 13 44 20 12 39 38 
36 12 11 37 42 31 13 
49 37 22 41 37 11 12 
21 41 47 21 34 0 49 
9 18 20 39 36 4 45 
9 31 20 26 39 7 35 
38 22 20 11 9 14 25 
25 5 24 36 30 28 14 
0 5 48 21 41 37 36 
34 24 43 26 49 21 7 
15 12 9 33 46 2 24 
18 35 7 28 19 20 7 
28 42 4 21 27 39 24 
10 1 34 30 42 14 48 
9 2 48 12 18 48 0 
37 23 39 25 13 12 23 
41 14 46 20 4 28 25 
47 18 29 30 18 35 26 
39 31 22 49 22 31 49 
46 41 43 19 38 45 13 
32 30 32 5 4 45 21 
0 43 43 36 13 8 5 
8 9 34 9 14 12 32 
36 44 23 47 1 45 24 
35 45 25 14 14 45 30 
4 43 20 18 5 13 24 
46 42 37 23 25 29 12 
19 39 27 49 37 22 34 
40 10 13 43 30 25 19 
18 37 23 29 31 31 17 
16 38 27 13 35 39 25 
13 12 25 45 1 11 29 
35 19 41 31 31 8 36 
29 31 47 1 15 20 18 
47 38 46 17 2 47 40 
31 8 26 18 0 12 19 
9 8 19 46 32 10 29 
16 15 37 34 18 32 36 
4 31 34 19 9 5 34 
29 0 5 42 10 3 23 
24 17 43 40 10 45 21 
39 34 22 8 13 17 10 
47 41 46 23 40 42 38 
13 36 29 17 35 32 6 
46 45 21 49 32 6 14 
18 49 10 16 30 33 14 
24 48 38 1 21 35 37 
25 37 44 43 38 22 6 
11 13 38 10 8 35 31 
7 9 2 6 43 22 11 
25 36 19 13 28 21 11 
8 23 23 8 15 0 49 
22 47 6 6 44 6 13 
35 46 6 29 48 25 15 
43 10 30 43 11 18 0 
11 42 28 41 35 23 8 
6 1 37 45 43 24 21 
22 9 12 24 49 48 35 
24 20 27 43 11 47 8 
35 10 39 29 16 12 47 
26 46 21 33 23 38 14 
48 3 2 29 30 40 7 
42 36 26 24 45 26 24 
15 30 29 36 3 47 32 
10 41 9 36 9 3 46 
13 25 19 27 40 25 30 
9 29 23 0 21 20 47 
2 3 2 26 43 48 26 
25 44 13 36 37 46 11 
11 49 0 45 25 43 21 
48 9 20 8 10 13 24 
18 41 43 25 22 43 30 
36 34 36 26 9 6 40 
30 41 19 38 20 38 3 
43 36 5 10 40 43 47 
8 11 6 41 33 40 47 
3 19 43 11 16 19 30 
49 38 19 19 42 49 43 
8 35 25 32 37 22 49 
38 40 1 1 7 45 15 
47 47 3 0 46 40 41 
7 33 44 17 44 10 47 
24 13 3 23 2 20 46 
26 27 19 3 39 22 41 
46 22 38 32 34 36 2 
32 25 15 24 14 44 11 
29 7 9 46 32 19 8 
43 4 49 48 45 11 46 
37 31 24 46 21 1 10 

34 7 24
5 16 47 2 2 15 12 
14 6 5 38 8 38 13 
20 25 44 44 37 16 30 
33 33 13 0 43 39 17 
30 43 7 41 5 3 10 
37 27 11 37 44 49 3 
45 42 42 11 20 28 25 
32 13 20 35 22 23 17 
42 4 18 48 41 41 9 
22 26 13 27 43 45 41 
12 47 4 5 11 1 40 
18 34 42 33 3 11 5 
33 42 4 8 21 20 6 
0 0 42 23 40 38 29 
5 44 15 18 1 9 41 
4 11 46 25 30 35 28 
1 0 1 45 13 33 14 
34 6 42 16 37 14 19 
17 28 42 21 9 1 34 
0 6 46 38 33 6 3 
27 30 30 48 49 12 44 
11 11 12 27 15 43 40 
46 43 3 34 33 43 40 
7 20 42 7 3 29 8 
44 28 1 10 48 22 1 
42 31 25 44 20 44 36 
34 18 22 44 17 42 29 
32 23 1 48 41 32 18 
44 22 36 33 21 49 20 
8 17 33 6 47 1 8 
9 44 35 42 17 31 45 
28 12 36 7 15 21 22 
45 2 2 2 26 1 40 
2 31 6 24 17 19 32 

33 9 30
44 26 16 12 1 21 31 34 10 
1 43 25 48 32 34 5 6 17 
12 36 18 27 45 41 5 28 6 
0 6 10 11 4 31 13 21 38 
48 20 27 46 20 35 1 27 25 
4 32 46 48 36 29 8 20 7 
34 27 35 9 4 33 40 34 34 
31 1 49 1 32 10 25 15 23 
38 46 49 47 7 17 39 22 48 
38 45 47 9 4 14 49 19 22 
1 41 21 5 36 18 48 8 46 
48 26 43 27 43 5 14 41 28 
12 9 29 27 16 41 47 16 36 
14 9 21 33 7 42 49 46 2 
37 5 32 35 35 11 9 26 33 
19 0 45 36 23 33 14 4 32 
3 2 27 45 8 24 45 10 16 
1 9 5 40 19 42 40 21 23 
19 20 2 15 42 47 3 43 23 
37 20 46 27 4 3 44 47 35 
26 20 26 13 5 31 46 45 40 
43 29 39 33 18 12 27 30 23 
8 35 45 11 4 8 18 37 16 
47 15 6 13 29 14 26 26 29 
16 28 18 43 34 38 8 29 11 
3 19 3 25 34 25 2 26 11 
40 19 24 12 31 23 7 49 0 
47 20 32 43 4 34 21 26 38 
15 7 6 36 30 43 22 49 30 
12 35 48 1 16 33 45 29 45 
40 2 23 38 13 24 37 34 27 
24 17 40 45 30 49 39 5 19 
10 45 47 49 47 46 30 47 42 

66 4 9
30 32 21 34 
49 35 23 5 
31 44 43 19 
9 8 16 7 
45 21 10 28 
0 10 40 2 
31 1 2 6 
10 7 22 23 
10 40 26 4 
28 5 37 6 
16 27 30 24 
45 41 22 36 
1 43 42 17 
23 40 39 41 
26 37 46 5 
5 21 24 3 
2 43 11 13 
28 7 17 46 
32 41 3 12 
43 29 12 37 
40 38 29 41 
31 6 44 20 
33 17 18 42 
43 43 13 20 
9 16 6 35 
10 18 16 6 
47 28 17 16 
18 36 43 34 
28 30 39 43 
29 12 25 42 
44 16 30 24 
38 32 12 7 
28 19 9 4 
7 13 14 26 
38 18 49 24 
42 32 11 15 
42 27 14 36 
19 24 34 14 
34 2 11 47 
16 21 12 35 
10 6 24 28 
29 30 24 23 
47 41 5 22 
21 36 11 43 
0 17 39 7 
41 40 19 39 
37 44 4 35 
45 7 28 15 
26 7 3 29 
5 24 41 12 
26 40 4 12 
27 36 40 5 
3 32 12 43 
49 24 29 19 
14 38 31 15 
39 45 34 1 
34 27 13 6 
0 14 27 6 
4 9 22 20 
40 33 8 24 
44 5 3 17 
29 35 8 17 
24 43 32 32 
24 11 10 23 
37 46 38 41 
48 25 31 39 

98 4 68
29 41 10 13 
14 12 40 10 
28 13 23 7 
28 26 8 29 
41 40 18 44 
1 47 9 2 
16 25 20 30 
34 12 43 20 
48 20 19 30 
32 34 23 9 
29 15 17 19 
40 23 40 31 
43 43 1 35 
18 43 29 34 
14 41 18 22 
30 49 10 25 
27 38 47 24 
42 46 26 42 
0 21 26 34 
18 13 17 31 
31 0 45 42 
48 33 39 11 
3 8 13 49 
25 47 48 19 
40 13 44 22 
49 46 49 10 
47 17 31 17 
34 8 8 21 
26 33 43 12 
1 2 35 37 
31 42 34 43 
34 38 15 38 
11 23 36 48 
28 11 39 1 
4 47 1 12 
7 23 15 39 
43 49 1 16 
32 31 32 38 
23 39 28 29 
40 23 17 44 
16 23 5 38 
3 11 32 15 
25 23 46 13 
48 34 36 22 
38 36 14 43 
0 33 18 10 
31 14 20 35 
15 19 18 43 
30 15 43 49 
18 38 22 29 
6 11 29 4 
2 45 45 28 
13 29 45 48 
14 29 5 28 
33 44 22 5 
18 3 40 47 
45 28 27 7 
25 3 41 16 
5 14 39 31 
18 35 46 19 
46 34 9 44 
12 24 25 9 
36 15 25 5 
6 16 30 7 
35 1 19 5 
46 38 17 2 
3 48 7 44 
40 6 42 31 
7 6 33 7 
13 29 6 31 
32 2 49 30 
11 19 31 18 
45 34 36 20 
7 16 14 5 
48 46 32 48 
45 21 29 30 
15 8 13 28 
48 43 4 4 
17 31 8 32 
38 5 9 25 
13 36 49 46 
14 15 19 45 
44 12 16 42 
0 28 4 12 
47 20 42 26 
21 15 24 5 
30 10 46 12 
32 15 46 38 
38 40 1 6 
21 22 20 17 
36 11 40 24 
45 43 46 13 
48 48 32 49 
7 24 32 21 
45 40 44 2 
16 8 28 24 
12 20 43 0 
4 17 9 38 

16 3 15
16 26 1 
18 13 25 
18 13 5 
3 41 0 
40 10 17 
32 29 28 
42 44 4 
11 14 49 
5 48 37 
40 12 32 
45 36 18 
38 22 36 
46 49 38 
41 11 36 
6 23 48 
38 24 19 

47 9 16
2 13 43 18 6 6 43 1 17 
11 11 48 48 20 15 10 9 8 
47 20 0 32 48 30 41 43 15 
39 9 35 42 22 33 14 4 24 
17 25 37 38 13 22 13 12 27 
6 31 38 43 5 41 38 39 43 
24 33 27 46 33 0 7 37 35 
11 27 48 47 19 45 36 25 25 
46 24 30 49 20 13 10 43 32 
28 38 42 40 8 47 30 23 26 
4 1 2 42 17 19 48 22 1 
44 1 26 0 3 26 31 47 31 
42 16 32 36 46 39 7 2 32 
21 3 25 38 23 7 8 26 21 
29 41 31 19 12 23 33 38 2 
31 5 37 8 18 48 43 13 40 
6 46 4 23 24 31 14 41 27 
33 48 19 22 8 31 31 27 28 
29 17 30 12 46 20 45 8 1 
42 33 10 7 33 16 0 17 21 
42 29 7 6 44 41 21 30 15 
21 28 12 44 27 13 27 31 23 
37 15 2 17 15 15 21 11 8 
15 27 12 6 29 39 49 28 44 
18 38 15 41 32 48 23 36 11 
33 33 23 35 38 0 44 25 15 
2 6 31 6 20 49 15 4 6 
25 39 5 43 44 8 47 30 33 
0 24 32 4 6 8 5 0 17 
39 26 32 10 18 2 6 4 15 
49 49 22 20 5 16 22 36 4 
8 46 49 44 32 47 43 14 1 
2 42 1 26 14 18 17 19 21 
4 7 45 37 37 7 5 29 37 
33 8 5 17 37 10 26 3 36 
27 42 13 30 10 27 32 43 21 
46 34 19 42 31 37 0 36 23 
42 2 18 44 23 3 39 25 4 
40 44 5 49 0 46 15 22 0 
14 28 37 4 16 4 24 23 29 
25 12 1 19 43 37 5 10 4 
40 21 37 48 48 29 34 48 6 
26 30 38 17 7 18 30 43 0 
47 7 2 4 47 43 8 42 33 
4 47 9 26 0 13 25 45 36 
0 12 25 25 46 25 49 35 49 
42 11 33 24 13 29 37 9 3 

48 7 22
40 38 46 32 46 41 33 
35 43 15 5 34 27 43 
9 41 9 44 40 4 35 
3 15 45 4 22 48 25 
25 46 26 24 49 15 42 
7 11 2 20 28 28 24 
28 7 17 30 30 7 22 
48 30 33 43 35 11 12 
49 16 39 20 22 36 39 
3 14 18 3 2 0 7 
33 44 43 16 6 33 49 
3 21 9 22 11 29 41 
13 35 27 17 33 11 10 
38 33 12 44 20 11 3 
49 31 34 48 3 42 1 
8 1 8 21 33 20 32 
28 44 30 40 12 38 27 
39 32 29 38 23 25 24 
1 16 24 10 11 44 6 
4 4 32 44 12 17 36 
42 13 30 26 45 0 14 
13 25 0 15 11 36 47 
26 1 24 19 49 17 11 
17 17 37 31 32 28 49 
16 47 6 13 30 21 4 
9 20 49 16 21 16 20 
33 39 5 29 16 24 4 
36 11 44 18 46 43 6 
43 0 23 3 39 45 31 
9 46 38 32 16 25 33 
26 8 13 22 15 1 47 
32 39 34 22 39 24 18 
28 7 23 43 3 48 9 
42 32 0 21 1 27 9 
4 14 15 45 41 6 15 
43 43 30 1 44 31 7 
2 24 11 40 47 28 1 
36 22 15 41 21 30 20 
26 28 42 17 9 29 23 
20 43 19 5 13 18 8 
25 11 20 22 30 40 32 
41 34 21 32 11 14 30 
31 1 40 22 34 18 5 
30 9 49 7 32 36 4 
40 5 32 11 6 42 37 
3 18 13 4 4 19 0 
22 29 40 36 41 26 0 
12 39 47 41 24 22 25 

80 2 55
5 11 
26 3 
22 8 
49 3 
21 6 
25 17 
44 20 
24 20 
16 25 
49 47 
14 34 
29 46 
40 31 
32 10 
49 33 
23 18 
22 12 
33 5 
18 43 
23 38 
1 34 
31 19 
20 30 
31 13 
7 4 
20 15 
38 12 
23 46 
18 7 
9 13 
5 5 
49 2 
5 35 
25 22 
1 8 
31 41 
27 30 
47 30 
11 19 
22 42 
19 1 
41 20 
30 26 
23 45 
12 10 
36 31 
8 34 
5 10 
41 29 
19 49 
7 7 
17 35 
21 36 
42 43 
5 1 
33 38 
40 48 
35 48 
40 11 
15 13 
18 19 
22 22 
21 11 
8 35 
28 32 
8 0 
13 6 
8 11 
28 48 
6 16 
17 14 
23 1 
2 14 
36 3 
5 6 
13 27 
20 22 
12 31 
14 14 
8 26 

17 1 2
27 
29 
27 
43 
6 
23 
34 
0 
0 
20 
25 
38 
8 
2 
33 
29 
11 

3 6 1
47 47 24 37 30 37 
44 46 27 0 9 15 
48 24 22 28 43 38 

26 5 11
47 26 31 28 25 
11 12 10 45 9 
29 32 6 48 15 
13 37 48 2 24 
4 8 5 20 38 
30 39 12 46 37 
17 17 3 33 45 
8 13 0 13 35 
26 5 9 25 41 
14 48 35 6 29 
14 4 24 4 16 
43 47 22 4 2 
14 7 4 28 19 
7 20 31 31 17 
39 10 4 28 19 
0 27 3 25 7 
3 39 32 3 22 
38 36 40 42 22 
1 24 30 12 24 
31 46 24 0 13 
24 35 37 23 31 
29 15 20 36 18 
18 29 18 0 36 
43 3 48 42 18 
18 22 20 43 30 
5 26 29 37 40 

82 7 29
15 20 38 17 37 29 43 
35 26 18 48 1 44 40 
47 33 13 10 37 35 26 
27 44 5 35 25 20 45 
38 43 36 37 49 9 35 
5 15 8 3 9 41 45 
44 45 42 24 29 23 40 
10 9 23 22 33 13 16 
30 26 12 34 18 16 37 
32 14 4 0 24 29 33 
2 14 32 30 33 28 47 
34 40 15 45 23 43 25 
49 34 1 25 15 44 43 
19 24 48 13 4 19 47 
49 10 5 10 48 12 36 
3 2 5 30 14 24 49 
21 13 17 31 36 37 39 
49 43 12 26 10 19 41 
37 43 22 47 11 17 27 
30 12 30 41 45 25 17 
25 20 20 3 17 40 19 
36 34 28 8 21 21 30 
45 35 37 45 31 34 42 
13 2 34 40 39 2 45 
24 15 46 46 29 48 37 
40 27 39 45 10 33 4 
49 21 28 27 30 37 48 
15 32 41 30 12 36 49 
36 0 35 3 46 46 39 
30 39 8 43 8 14 3 
3 21 1 1 27 25 42 
43 17 33 26 42 47 6 
4 2 36 9 9 11 24 
17 31 21 4 37 11 45 
23 13 37 19 25 38 16 
12 32 12 13 19 14 31 
2 8 41 35 15 6 44 
49 32 41 34 27 22 19 
23 42 19 21 2 43 8 
8 34 30 33 19 1 49 
34 39 36 41 14 22 29 
17 4 40 14 39 47 40 
28 26 36 37 6 12 39 
47 37 41 2 23 24 35 
31 23 49 26 14 46 37 
34 34 10 37 19 36 29 
20 13 38 32 46 13 7 
32 6 3 35 12 15 18 
8 47 39 45 41 48 48 
26 46 14 33 28 1 33 
2 4 5 7 30 31 19 
5 33 18 40 41 9 45 
46 16 41 37 21 49 12 
49 9 36 2 40 33 29 
12 43 31 11 29 11 29 
19 6 44 43 45 24 35 
0 18 11 12 16 8 14 
42 27 48 22 37 11 15 
14 14 3 32 24 28 26 
11 15 16 26 8 18 8 
35 18 0 35 31 5 0 
19 0 23 44 17 40 26 
37 21 15 19 18 8 31 
26 29 46 13 45 1 18 
19 9 31 5 42 0 42 
7 14 19 35 49 36 9 
16 35 6 44 28 16 9 
6 39 17 5 36 3 37 
40 3 14 31 18 13 17 
7 16 39 4 35 24 8 
42 24 14 42 39 31 2 
30 1 37 4 8 12 4 
48 1 17 1 39 11 22 
16 39 43 24 46 45 35 
49 46 48 48 33 29 5 
40 39 18 4 45 6 8 
9 12 45 11 29 46 33 
48 3 7 36 30 41 14 
24 24 33 46 32 33 18 
47 6 6 25 31 3 36 
28 25 33 25 4 18 35 
32 42 40 39 7 24 19 

99 8 80
29 27 37 29 47 10 20 9 
20 15 45 30 31 41 37 45 
23 47 46 45 41 20 42 9 
5 26 25 18 23 49 4 4 
33 20 36 46 34 46 39 44 
15 35 33 34 4 17 0 40 
46 38 32 42 43 0 0 4 
37 21 12 23 49 47 11 37 
1 21 6 29 26 36 49 15 
24 17 8 49 4 8 33 32 
13 26 8 39 44 28 24 13 
41 16 23 12 18 29 46 14 
8 0 16 18 11 45 23 5 
0 5 21 16 27 47 11 10 
5 27 32 3 13 27 17 4 
26 30 48 22 26 1 45 21 
18 29 1 15 32 42 17 44 
28 10 16 0 18 28 47 34 
25 15 33 22 4 27 16 41 
3 39 25 46 2 24 34 11 
28 38 30 28 23 10 28 49 
29 15 31 25 19 32 47 17 
14 7 3 28 16 31 15 42 
10 36 23 44 40 7 27 23 
48 10 13 47 49 4 3 5 
38 6 7 25 31 6 4 11 
17 43 2 38 36 46 41 39 
34 1 44 14 18 42 3 20 
31 23 31 15 23 38 10 27 
44 24 9 30 20 35 16 15 
13 31 39 2 14 43 48 10 
3 45 31 26 11 49 39 15 
33 31 2 1 35 49 11 18 
20 48 23 28 27 48 2 14 
35 41 2 28 40 33 38 13 
35 39 30 33 41 14 41 18 
29 6 40 14 17 11 29 4 
21 10 13 4 26 18 45 14 
14 15 6 31 14 27 31 22 
43 3 17 40 25 2 31 24 
8 46 42 22 7 28 35 10 
40 18 22 2 45 7 17 14 
7 27 1 26 46 5 13 17 
19 47 1 20 48 46 5 22 
25 12 44 15 13 10 15 27 
21 32 40 28 22 8 46 33 
3 11 43 44 42 20 0 10 
7 46 3 41 26 22 11 4 
33 34 39 41 9 35 15 13 
5 26 18 9 33 5 17 12 
10 22 35 9 28 19 7 45 
48 11 27 49 35 48 21 15 
13 20 10 37 43 2 26 26 
38 27 4 3 47 4 43 43 
13 44 22 4 44 35 45 13 
39 30 41 24 31 6 44 42 
42 12 37 4 25 9 21 45 
23 31 24 25 6 35 42 39 
38 11 48 13 28 3 26 0 
3 24 30 0 14 15 35 19 
21 38 22 15 33 31 47 44 
18 32 9 39 2 14 41 5 
2 20 35 27 37 9 36 8 
7 12 16 46 34 8 10 19 
5 46 11 0 28 17 28 25 
34 4 12 5 29 19 48 49 
47 33 18 28 44 46 33 0 
9 44 47 14 17 47 49 37 
31 5 7 35 3 36 16 16 
36 14 45 30 34 37 40 34 
46 39 37 26 29 47 33 19 
47 45 8 4 12 26 48 29 
36 29 3 28 4 46 38 32 
37 28 42 3 31 35 2 33 
48 26 7 14 29 3 4 28 
22 23 0 43 48 40 25 12 
8 6 41 0 10 12 5 36 
39 15 26 17 32 29 34 8 
44 10 40 8 6 39 35 33 
44 37 31 28 47 41 12 15 
44 26 39 49 39 48 28 43 
38 40 33 5 27 43 9 2 
19 27 28 32 8 18 1 17 
31 44 39 33 20 24 8 40 
36 41 13 43 25 48 23 45 
49 48 31 8 22 4 41 14 
36 10 42 26 12 20 14 19 
0 29 23 37 6 28 9 20 
15 30 42 23 19 8 34 25 
17 0 17 27 18 44 28 20 
36 3 4 41 40 48 36 11 
25 34 43 9 43 47 8 48 
21 11 49 25 49 21 4 26 
33 40 0 46 47 30 29 29 
36 13 47 17 23 35 49 28 
47 22 1 14 42 26 26 44 
29 28 16 35 22 25 43 39 
44 1 0 29 14 31 27 4 
47 24 18 48 31 9 37 41 

53 2 5
30 23 
33 41 
41 7 
17 9 
11 14 
12 12 
28 24 
31 5 
7 34 
47 25 
42 24 
22 15 
27 2 
0 18 
39 34 
25 29 
31 40 
14 34 
18 26 
30 45 
18 19 
49 42 
3 19 
32 28 
29 23 
17 27 
40 38 
18 8 
28 48 
35 33 
4 46 
14 8 
43 24 
29 43 
48 4 
25 23 
45 31 
13 31 
26 20 
46 25 
49 44 
7 11 
6 49 
38 9 
18 37 
0 16 
32 13 
20 7 
44 49 
10 7 
41 46 
3 43 
37 28 

91 8 54
13 48 24 42 48 11 20 12 
28 16 17 3 21 36 28 12 
20 40 19 15 4 0 27 49 
25 30 23 6 2 24 5 17 
37 32 40 35 23 42 9 43 
47 46 13 14 34 36 34 0 
14 26 49 9 17 29 38 24 
16 46 31 2 36 35 37 49 
36 9 32 29 47 35 1 34 
5 34 31 30 37 36 36 48 
36 8 35 24 38 2 25 41 
44 1 2 7 12 40 9 19 
21 38 28 0 26 40 6 10 
28 24 21 2 22 27 33 10 
37 36 5 30 21 46 34 6 
17 37 15 18 39 30 47 30 
6 32 34 4 8 6 0 3 
9 2 5 16 42 17 21 39 
41 12 40 49 38 44 29 45 
5 21 14 26 3 13 49 30 
30 40 35 1 36 2 8 36 
11 49 14 38 19 0 48 36 
18 15 18 13 40 39 8 23 
3 19 35 30 30 11 10 30 
33 0 11 8 39 39 48 18 
27 5 13 27 37 19 46 42 
33 15 9 37 3 37 48 47 
1 5 23 20 37 25 19 1 
27 35 1 19 13 20 47 19 
33 28 22 15 23 17 7 41 
37 14 12 47 18 19 5 42 
29 45 15 40 18 11 28 6 
19 43 33 38 9 2 38 0 
13 41 11 24 47 8 49 40 
37 42 36 35 3 38 24 19 
16 25 12 48 8 15 22 30 
30 0 49 26 2 21 3 24 
20 41 45 17 40 19 39 36 
9 27 27 16 44 0 18 14 
8 32 45 30 44 17 27 31 
17 13 4 1 8 42 47 28 
9 4 7 46 35 11 22 45 
42 21 39 18 18 22 19 6 
24 30 13 3 24 34 1 3 
35 10 41 1 42 18 42 12 
11 29 23 49 8 5 29 44 
24 39 38 16 11 14 21 30 
8 23 0 16 16 42 48 35 
4 0 20 22 32 20 37 0 
25 46 1 24 49 6 48 22 
5 17 21 46 34 43 5 2 
9 17 1 0 44 46 47 12 
32 18 43 43 49 27 9 19 
5 21 34 9 4 35 1 24 
8 23 9 30 8 35 36 46 
29 26 46 17 4 17 45 41 
18 33 47 17 9 1 0 39 
1 37 26 49 15 28 7 34 
13 47 46 18 13 38 26 21 
37 25 31 47 30 48 35 25 
15 48 48 3 11 1 36 48 
16 6 49 7 30 30 36 18 
38 37 36 36 48 36 30 15 
40 44 42 18 6 47 4 24 
48 7 43 19 47 30 32 20 
6 21 14 45 11 34 3 16 
4 18 24 11 16 14 7 46 
47 11 20 3 20 13 16 33 
19 49 20 15 41 9 27 30 
42 23 44 7 4 19 1 43 
28 4 32 4 1 36 1 46 
19 38 6 43 18 16 20 31 
11 22 15 39 5 39 7 9 
22 29 21 13 19 38 32 7 
15 43 12 9 43 25 48 27 
9 45 4 23 48 28 38 32 
46 24 47 14 41 4 23 42 
43 8 35 11 17 49 25 18 
22 1 34 16 38 30 7 45 
12 42 9 43 10 26 31 7 
1 33 25 13 3 37 19 15 
27 18 5 42 45 3 34 7 
23 44 24 47 38 32 9 8 
30 46 41 43 37 49 46 3 
42 47 7 35 37 34 20 43 
39 10 13 49 5 11 2 35 
47 48 28 46 40 7 24 6 
7 43 14 7 35 25 29 42 
46 11 13 34 16 11 35 5 
40 18 33 19 40 40 39 11 
12 40 8 40 49 6 21 39 

83 8 36
42 5 35 39 21 38 15 44 
10 20 10 12 11 7 26 4 
10 28 21 7 43 41 12 25 
11 15 8 8 41 23 22 24 
12 27 20 16 25 45 19 20 
29 26 33 10 24 41 30 31 
14 33 33 44 14 5 26 34 
44 5 14 3 34 18 36 18 
15 28 19 42 4 0 5 5 
35 46 19 21 9 7 21 34 
29 8 22 19 23 29 47 4 
21 32 19 16 18 36 6 21 
16 38 37 33 13 28 49 4 
13 22 30 17 39 42 5 21 
18 33 21 38 14 45 40 40 
0 6 2 48 17 19 2 33 
5 17 11 41 7 4 34 2 
6 11 7 35 46 9 0 11 
38 3 5 45 20 20 13 11 
47 26 8 42 37 18 42 29 
30 3 43 4 12 33 20 31 
42 33 27 42 42 17 28 41 
4 48 29 44 32 43 11 47 
34 26 45 11 41 14 20 18 
45 14 0 19 35 6 3 19 
47 19 4 49 17 35 11 12 
10 0 16 36 1 11 26 49 
8 38 36 32 47 28 20 28 
39 2 47 35 17 37 45 9 
35 8 33 32 4 14 1 9 
40 5 38 28 1 0 8 35 
22 22 10 21 15 28 46 35 
21 41 31 31 16 45 30 41 
24 42 9 25 47 17 22 37 
12 19 6 41 26 14 16 35 
16 0 19 29 22 18 19 44 
42 15 41 23 25 4 0 17 
23 23 13 11 12 7 13 18 
16 36 41 9 9 28 10 24 
4 18 36 48 1 31 47 9 
36 12 41 5 39 29 10 48 
6 9 20 21 40 20 6 36 
15 44 22 24 12 25 9 6 
22 12 28 7 25 16 10 27 
15 42 20 47 44 2 16 47 
21 28 5 10 48 23 9 21 
48 30 34 1 3 40 24 30 
38 40 18 31 8 42 25 4 
5 23 45 46 3 20 32 18 
47 26 43 18 11 5 5 21 
11 36 23 15 36 32 46 22 
45 38 9 12 3 38 21 40 
1 41 15 43 29 17 25 23 
10 33 48 11 48 31 14 10 
18 45 48 47 24 1 44 28 
42 18 8 29 21 34 32 10 
36 29 49 17 33 2 16 33 
16 15 7 20 5 43 37 26 
3 47 9 47 28 17 38 37 
3 12 10 6 26 18 19 39 
15 19 15 11 28 41 27 12 
0 40 45 47 14 35 37 16 
0 36 10 21 25 35 27 16 
47 48 27 25 19 23 12 43 
46 6 28 47 0 29 47 21 
18 43 47 19 6 6 14 0 
8 3 39 22 45 24 29 23 
45 14 32 34 5 22 5 44 
13 46 43 35 31 23 14 19 
12 39 8 17 30 44 26 26 
43 40 11 9 31 11 40 20 
48 20 46 43 29 48 43 15 
34 12 45 11 4 18 40 37 
47 40 36 5 35 45 42 27 
13 0 4 32 38 42 8 22 
30 45 38 44 5 17 12 2 
47 30 1 2 40 25 48 24 
31 25 38 20 18 44 34 42 
3 22 40 23 36 28 6 21 
13 15 19 34 13 36 9 7 
5 24 14 11 32 31 0 11 
16 5 3 16 17 8 24 1 
1 6 21 1 2 48 48 48 

92 2 20
34 44 
14 25 
19 45 
44 4 
47 5 
45 27 
49 13 
10 16 
40 25 
29 8 
28 7 
48 13 
7 33 
9 25 
41 1 
41 33 
14 7 
2 4 
49 28 
11 40 
14 21 
43 12 
29 0 
43 32 
27 24 
2 16 
33 36 
34 17 
31 27 
17 6 
2 39 
26 44 
44 25 
40 14 
9 14 
26 27 
0 12 
5 33 
16 3 
24 31 
3 39 
3 34 
5 20 
48 47 
34 45 
21 0 
48 21 
8 29 
26 19 
34 42 
41 31 
8 10 
18 19 
32 32 
0 43 
3 8 
4 11 
25 1 
31 9 
20 8 
9 2 
43 30 
8 38 
27 41 
26 13 
33 18 
0 47 
42 42 
5 38 
2 16 
0 28 
2 14 
43 26 
49 37 
9 20 
12 13 
26 19 
2 24 
8 6 
7 16 
8 14 
38 32 
42 31 
16 5 
20 37 
43 37 
44 16 
35 42 
43 26 
6 42 
41 5 
22 5 

92 9 82
23 6 19 20 9 11 43 24 8 
1 18 4 48 49 24 2 29 14 
41 0 41 28 47 46 8 20 38 
36 25 37 40 49 41 21 48 36 
19 24 22 30 10 21 13 38 18 
2 40 47 0 1 48 7 37 35 
33 18 19 9 26 17 21 13 6 
25 44 3 9 11 37 5 16 5 
0 40 46 1 36 40 0 35 22 
16 23 16 33 4 30 3 34 44 
23 40 26 39 46 9 2 47 4 
17 24 8 38 4 39 25 25 18 
43 18 11 21 19 47 24 33 2 
28 40 36 1 35 19 27 0 40 
19 48 36 1 24 0 22 37 40 
1 33 5 24 5 40 22 35 14 
14 38 20 32 39 0 29 13 48 
6 7 37 1 35 17 4 0 19 
7 49 42 20 35 18 24 45 38 
45 9 16 29 39 13 14 29 17 
25 34 41 28 21 16 39 4 39 
26 29 38 0 14 27 33 22 17 
0 42 18 48 7 24 27 35 36 
41 10 17 11 3 9 37 36 22 
30 18 23 15 36 21 18 5 8 
38 36 42 36 21 13 23 25 20 
17 12 5 48 46 31 25 40 15 
12 15 43 32 38 11 20 43 10 
15 11 29 6 6 26 29 1 6 
18 13 24 28 15 17 24 21 42 
18 8 46 37 19 25 8 12 37 
35 27 6 16 8 10 17 9 15 
31 17 12 47 14 41 43 15 5 
18 5 4 34 3 1 43 36 12 
37 26 19 23 24 2 8 19 30 
39 15 5 26 1 37 37 7 22 
25 13 36 7 36 23 47 19 30 
11 41 35 27 46 14 4 5 43 
3 21 46 27 31 35 26 12 23 
25 24 0 43 19 15 42 4 14 
19 24 9 35 13 15 19 15 13 
43 34 9 17 49 28 0 17 20 
16 24 32 38 42 32 28 34 40 
12 43 21 43 41 24 0 4 10 
28 34 40 40 6 22 31 48 21 
11 8 0 37 43 41 38 19 15 
34 23 19 26 36 25 38 8 33 
25 33 43 25 0 4 4 41 33 
32 37 39 0 18 29 0 14 35 
27 38 23 44 21 24 23 29 23 
48 44 32 24 3 49 39 1 33 
49 13 23 48 44 39 10 15 11 
37 36 4 13 1 6 26 19 36 
28 20 22 14 27 26 17 8 24 
47 34 34 6 40 37 35 9 15 
22 46 35 43 21 43 15 45 35 
47 10 11 18 14 14 27 14 21 
26 2 38 34 41 39 23 40 20 
30 10 24 0 48 29 43 16 13 
4 15 5 6 37 25 2 9 32 
43 25 10 5 24 26 13 29 18 
4 18 13 34 7 33 17 5 18 
30 16 2 23 26 2 30 44 40 
49 13 21 7 12 47 23 0 35 
13 26 41 2 19 19 23 29 21 
34 48 28 9 30 13 17 29 16 
30 17 34 4 48 35 44 25 17 
10 43 38 11 11 5 39 10 23 
34 36 23 34 3 37 4 20 42 
15 5 39 20 43 40 5 4 36 
18 40 0 4 39 47 21 39 42 
30 23 47 7 44 27 27 17 37 
35 32 30 33 30 27 47 45 22 
32 8 15 45 32 44 38 6 23 
46 23 15 20 42 7 25 12 6 
5 41 39 35 45 37 30 46 48 
20 30 32 42 39 13 18 26 49 
47 7 29 45 40 8 49 21 4 
17 15 2 27 29 38 11 22 41 
48 39 39 42 27 46 14 41 17 
39 8 4 16 19 16 16 28 12 
23 43 31 32 10 32 21 2 3 
43 2 42 31 0 7 30 37 6 
37 43 25 40 13 20 30 44 36 
7 49 40 48 45 7 16 6 38 
36 26 15 44 16 46 11 39 31 
35 34 46 23 36 41 42 3 40 
19 20 19 41 27 26 29 28 40 
49 33 45 19 3 12 19 16 16 
32 2 0 31 10 11 4 8 42 
21 41 45 11 24 38 20 17 22 
11 22 12 28 29 22 25 36 38 

77 5 46
11 25 33 9 35 
14 24 7 15 45 
34 48 24 1 33 
24 33 26 15 19 
1 19 47 45 16 
13 1 39 23 6 
38 32 49 16 42 
7 47 43 2 5 
48 30 9 16 9 
45 8 21 35 14 
37 23 3 20 47 
40 32 15 37 4 
2 39 15 29 42 
1 28 25 36 15 
33 20 12 34 46 
41 0 48 29 4 
31 10 3 31 27 
35 36 35 45 16 
44 20 49 44 13 
24 32 2 23 30 
17 29 15 11 20 
49 26 11 1 21 
40 30 38 48 21 
40 37 21 24 43 
16 27 13 18 34 
2 9 6 26 14 
17 46 15 28 47 
14 37 48 19 32 
11 43 0 21 17 
41 27 6 25 46 
32 8 27 33 16 
36 11 18 49 10 
15 18 5 27 34 
17 10 18 40 33 
27 35 5 34 20 
44 8 41 17 47 
13 47 39 17 45 
48 23 40 38 17 
44 36 44 18 28 
21 30 14 2 12 
44 32 15 1 47 
3 36 25 40 28 
17 49 19 41 13 
41 2 26 33 12 
29 0 10 38 8 
47 2 16 13 14 
25 10 44 49 11 
21 49 39 16 7 
0 4 24 31 23 
12 47 22 23 20 
11 30 45 27 3 
30 34 10 1 25 
45 18 10 25 31 
44 31 5 31 31 
31 43 9 39 43 
3 45 5 41 46 
24 27 3 23 47 
31 24 43 1 33 
23 31 16 44 34 
48 24 20 32 41 
12 34 13 21 31 
21 31 37 39 49 
14 27 39 43 43 
27 25 40 0 19 
49 27 11 36 30 
14 11 31 14 43 
43 49 18 48 47 
31 43 48 45 26 
45 23 13 15 27 
31 37 48 2 30 
20 6 14 10 4 
38 6 23 40 33 
29 21 4 20 12 
24 18 23 39 37 
22 12 39 28 28 
10 18 45 2 47 
32 7 38 17 19 

19 6 1
37 37 39 7 11 22 
17 30 46 3 20 33 
6 16 10 11 21 28 
30 8 26 6 37 8 
16 1 4 23 26 35 
37 1 31 23 49 15 
33 22 14 7 31 28 
18 21 21 29 30 32 
29 8 11 8 46 38 
16 48 30 33 41 49 
46 3 10 4 37 46 
47 26 39 24 24 42 
19 28 42 33 23 33 
20 7 34 40 29 39 
41 16 41 3 45 19 
48 32 17 3 25 35 
15 16 3 31 4 2 
42 1 34 46 27 43 
7 10 42 22 48 32 
